component;com_trial;com_is_practice;com_is_synthesized;com_is_timed;com_is_repeated;bigram;bigr_pausetime;bigr_start_time;bigr_is_targetted;bigr_is_within_timerange;bigr_frequency_class;bigr_hand_comb;bigr_adjacent;bigr_repetitive;logfile;participant;creation_date
Typing Speed;1;0;0;1;2;dk;149;1312;1;0;Indeterminate;LR;0;0;5023.idfx;DE9C9F9E41566143;01/01/01 00:00:00
Typing Speed;1;0;0;1;2;kd;94;1461;1;0;Indeterminate;RL;0;0;5023.idfx;DE9C9F9E41566143;01/01/01 00:00:00
Typing Speed;1;0;0;1;2;dk;112;1555;1;0;Indeterminate;LR;0;0;5023.idfx;DE9C9F9E41566143;01/01/01 00:00:00
Typing Speed;1;0;0;1;2;kd;64;1667;1;0;Indeterminate;RL;0;0;5023.idfx;DE9C9F9E41566143;01/01/01 00:00:00
Typing Speed;1;0;0;1;2;dk;136;1731;1;0;Indeterminate;LR;0;0;5023.idfx;DE9C9F9E41566143;01/01/01 00:00:00
Typing Speed;1;0;0;1;2;kd;40;1867;1;0;Indeterminate;RL;0;0;5023.idfx;DE9C9F9E41566143;01/01/01 00:00:00
Typing Speed;1;0;0;1;2;dk;160;1907;1;0;Indeterminate;LR;0;0;5023.idfx;DE9C9F9E41566143;01/01/01 00:00:00
Typing Speed;1;0;0;1;2;kd;24;2067;1;0;Indeterminate;RL;0;0;5023.idfx;DE9C9F9E41566143;01/01/01 00:00:00
Typing Speed;1;0;0;1;2;dd;187;2091;0;0;Indeterminate;LL;0;1;5023.idfx;DE9C9F9E41566143;01/01/01 00:00:00
Typing Speed;1;0;0;1;2;dk;69;2278;1;0;Indeterminate;LR;0;0;5023.idfx;DE9C9F9E41566143;01/01/01 00:00:00
Typing Speed;1;0;0;1;2;kd;113;2347;1;0;Indeterminate;RL;0;0;5023.idfx;DE9C9F9E41566143;01/01/01 00:00:00
Typing Speed;1;0;0;1;2;dk;119;2460;1;0;Indeterminate;LR;0;0;5023.idfx;DE9C9F9E41566143;01/01/01 00:00:00
Typing Speed;1;0;0;1;2;kd;73;2579;1;0;Indeterminate;RL;0;0;5023.idfx;DE9C9F9E41566143;01/01/01 00:00:00
Typing Speed;1;0;0;1;2;dk;136;2652;1;0;Indeterminate;LR;0;0;5023.idfx;DE9C9F9E41566143;01/01/01 00:00:00
Typing Speed;1;0;0;1;2;kd;31;2788;1;0;Indeterminate;RL;0;0;5023.idfx;DE9C9F9E41566143;01/01/01 00:00:00
Typing Speed;1;0;0;1;2;dd;179;2819;0;0;Indeterminate;LL;0;1;5023.idfx;DE9C9F9E41566143;01/01/01 00:00:00
Typing Speed;1;0;0;1;2;dk;85;2998;1;1;Indeterminate;LR;0;0;5023.idfx;DE9C9F9E41566143;01/01/01 00:00:00
Typing Speed;1;0;0;1;2;kd;96;3083;1;1;Indeterminate;RL;0;0;5023.idfx;DE9C9F9E41566143;01/01/01 00:00:00
Typing Speed;1;0;0;1;2;dk;137;3179;1;1;Indeterminate;LR;0;0;5023.idfx;DE9C9F9E41566143;01/01/01 00:00:00
Typing Speed;1;0;0;1;2;kd;47;3316;1;1;Indeterminate;RL;0;0;5023.idfx;DE9C9F9E41566143;01/01/01 00:00:00
Typing Speed;1;0;0;1;2;dk;152;3363;1;1;Indeterminate;LR;0;0;5023.idfx;DE9C9F9E41566143;01/01/01 00:00:00
Typing Speed;1;0;0;1;2;kd;41;3515;1;1;Indeterminate;RL;0;0;5023.idfx;DE9C9F9E41566143;01/01/01 00:00:00
Typing Speed;1;0;0;1;2;dk;159;3556;1;1;Indeterminate;LR;0;0;5023.idfx;DE9C9F9E41566143;01/01/01 00:00:00
Typing Speed;1;0;0;1;2;kd;9;3715;1;1;Indeterminate;RL;0;0;5023.idfx;DE9C9F9E41566143;01/01/01 00:00:00
Typing Speed;1;0;0;1;2;dk;151;3724;1;1;Indeterminate;LR;0;0;5023.idfx;DE9C9F9E41566143;01/01/01 00:00:00
Typing Speed;1;0;0;1;2;kd;8;3875;1;1;Indeterminate;RL;0;0;5023.idfx;DE9C9F9E41566143;01/01/01 00:00:00
Typing Speed;1;0;0;1;2;dk;152;3883;1;1;Indeterminate;LR;0;0;5023.idfx;DE9C9F9E41566143;01/01/01 00:00:00
Typing Speed;1;0;0;1;2;kd;8;4035;1;1;Indeterminate;RL;0;0;5023.idfx;DE9C9F9E41566143;01/01/01 00:00:00
Typing Speed;1;0;0;1;2;dk;144;4043;1;1;Indeterminate;LR;0;0;5023.idfx;DE9C9F9E41566143;01/01/01 00:00:00
Typing Speed;1;0;0;1;2;kd;16;4187;1;1;Indeterminate;RL;0;0;5023.idfx;DE9C9F9E41566143;01/01/01 00:00:00
Typing Speed;1;0;0;1;2;dk;144;4203;1;1;Indeterminate;LR;0;0;5023.idfx;DE9C9F9E41566143;01/01/01 00:00:00
Typing Speed;1;0;0;1;2;kd;16;4347;1;1;Indeterminate;RL;0;0;5023.idfx;DE9C9F9E41566143;01/01/01 00:00:00
Typing Speed;1;0;0;1;2;dk;129;4363;1;1;Indeterminate;LR;0;0;5023.idfx;DE9C9F9E41566143;01/01/01 00:00:00
Typing Speed;1;0;0;1;2;kd;23;4492;1;1;Indeterminate;RL;0;0;5023.idfx;DE9C9F9E41566143;01/01/01 00:00:00
Typing Speed;1;0;0;1;2;dk;128;4515;1;1;Indeterminate;LR;0;0;5023.idfx;DE9C9F9E41566143;01/01/01 00:00:00
Typing Speed;1;0;0;1;2;kd;32;4643;1;1;Indeterminate;RL;0;0;5023.idfx;DE9C9F9E41566143;01/01/01 00:00:00
Typing Speed;1;0;0;1;2;dk;120;4675;1;1;Indeterminate;LR;0;0;5023.idfx;DE9C9F9E41566143;01/01/01 00:00:00
Typing Speed;1;0;0;1;2;kd;48;4795;1;1;Indeterminate;RL;0;0;5023.idfx;DE9C9F9E41566143;01/01/01 00:00:00
Typing Speed;1;0;0;1;2;dk;113;4843;1;1;Indeterminate;LR;0;0;5023.idfx;DE9C9F9E41566143;01/01/01 00:00:00
Typing Speed;1;0;0;1;2;kd;55;4956;1;1;Indeterminate;RL;0;0;5023.idfx;DE9C9F9E41566143;01/01/01 00:00:00
Typing Speed;1;0;0;1;2;dk;113;5011;1;1;Indeterminate;LR;0;0;5023.idfx;DE9C9F9E41566143;01/01/01 00:00:00
Typing Speed;1;0;0;1;2;kd;71;5124;1;1;Indeterminate;RL;0;0;5023.idfx;DE9C9F9E41566143;01/01/01 00:00:00
Typing Speed;1;0;0;1;2;dk;114;5195;1;1;Indeterminate;LR;0;0;5023.idfx;DE9C9F9E41566143;01/01/01 00:00:00
Typing Speed;1;0;0;1;2;kd;70;5309;1;1;Indeterminate;RL;0;0;5023.idfx;DE9C9F9E41566143;01/01/01 00:00:00
Typing Speed;1;0;0;1;2;dk;104;5379;1;1;Indeterminate;LR;0;0;5023.idfx;DE9C9F9E41566143;01/01/01 00:00:00
Typing Speed;1;0;0;1;2;kd;96;5483;1;1;Indeterminate;RL;0;0;5023.idfx;DE9C9F9E41566143;01/01/01 00:00:00
Typing Speed;1;0;0;1;2;dk;64;5579;1;1;Indeterminate;LR;0;0;5023.idfx;DE9C9F9E41566143;01/01/01 00:00:00
Typing Speed;1;0;0;1;2;kd;121;5643;1;1;Indeterminate;RL;0;0;5023.idfx;DE9C9F9E41566143;01/01/01 00:00:00
Typing Speed;1;0;0;1;2;dk;56;5764;1;1;Indeterminate;LR;0;0;5023.idfx;DE9C9F9E41566143;01/01/01 00:00:00
Typing Speed;1;0;0;1;2;kd;121;5820;1;1;Indeterminate;RL;0;0;5023.idfx;DE9C9F9E41566143;01/01/01 00:00:00
Typing Speed;1;0;0;1;2;dk;14;5941;1;1;Indeterminate;LR;0;0;5023.idfx;DE9C9F9E41566143;01/01/01 00:00:00
Typing Speed;1;0;0;1;2;kk;155;5955;0;1;HF;RR;0;1;5023.idfx;DE9C9F9E41566143;01/01/01 00:00:00
Typing Speed;1;0;0;1;2;kd;14;6110;1;1;Indeterminate;RL;0;0;5023.idfx;DE9C9F9E41566143;01/01/01 00:00:00
Typing Speed;1;0;0;1;2;dk;152;6124;1;1;Indeterminate;LR;0;0;5023.idfx;DE9C9F9E41566143;01/01/01 00:00:00
Typing Speed;1;0;0;1;2;kd;23;6276;1;1;Indeterminate;RL;0;0;5023.idfx;DE9C9F9E41566143;01/01/01 00:00:00
Typing Speed;1;0;0;1;2;dk;152;6299;1;1;Indeterminate;LR;0;0;5023.idfx;DE9C9F9E41566143;01/01/01 00:00:00
Typing Speed;1;0;0;1;2;kd;25;6451;1;1;Indeterminate;RL;0;0;5023.idfx;DE9C9F9E41566143;01/01/01 00:00:00
Typing Speed;1;0;0;1;2;dk;127;6476;1;1;Indeterminate;LR;0;0;5023.idfx;DE9C9F9E41566143;01/01/01 00:00:00
Typing Speed;1;0;0;1;2;kd;33;6603;1;1;Indeterminate;RL;0;0;5023.idfx;DE9C9F9E41566143;01/01/01 00:00:00
Typing Speed;1;0;0;1;2;dk;119;6636;1;1;Indeterminate;LR;0;0;5023.idfx;DE9C9F9E41566143;01/01/01 00:00:00
Typing Speed;1;0;0;1;2;kd;40;6755;1;1;Indeterminate;RL;0;0;5023.idfx;DE9C9F9E41566143;01/01/01 00:00:00
Typing Speed;1;0;0;1;2;dk;104;6795;1;1;Indeterminate;LR;0;0;5023.idfx;DE9C9F9E41566143;01/01/01 00:00:00
Typing Speed;1;0;0;1;2;kd;64;6899;1;1;Indeterminate;RL;0;0;5023.idfx;DE9C9F9E41566143;01/01/01 00:00:00
Typing Speed;1;0;0;1;2;dk;104;6963;1;1;Indeterminate;LR;0;0;5023.idfx;DE9C9F9E41566143;01/01/01 00:00:00
Typing Speed;1;0;0;1;2;kd;88;7067;1;1;Indeterminate;RL;0;0;5023.idfx;DE9C9F9E41566143;01/01/01 00:00:00
Typing Speed;1;0;0;1;2;dk;88;7155;1;1;Indeterminate;LR;0;0;5023.idfx;DE9C9F9E41566143;01/01/01 00:00:00
Typing Speed;1;0;0;1;2;kd;112;7243;1;1;Indeterminate;RL;0;0;5023.idfx;DE9C9F9E41566143;01/01/01 00:00:00
Typing Speed;1;0;0;1;2;dk;48;7355;1;1;Indeterminate;LR;0;0;5023.idfx;DE9C9F9E41566143;01/01/01 00:00:00
Typing Speed;1;0;0;1;2;kd;105;7403;1;1;Indeterminate;RL;0;0;5023.idfx;DE9C9F9E41566143;01/01/01 00:00:00
Typing Speed;1;0;0;1;2;dk;63;7508;1;1;Indeterminate;LR;0;0;5023.idfx;DE9C9F9E41566143;01/01/01 00:00:00
Typing Speed;1;0;0;1;2;kd;112;7571;1;1;Indeterminate;RL;0;0;5023.idfx;DE9C9F9E41566143;01/01/01 00:00:00
Typing Speed;1;0;0;1;2;dk;32;7683;1;1;Indeterminate;LR;0;0;5023.idfx;DE9C9F9E41566143;01/01/01 00:00:00
Typing Speed;1;0;0;1;2;kd;131;7715;1;1;Indeterminate;RL;0;0;5023.idfx;DE9C9F9E41566143;01/01/01 00:00:00
Typing Speed;1;0;0;1;2;dk;21;7846;1;1;Indeterminate;LR;0;0;5023.idfx;DE9C9F9E41566143;01/01/01 00:00:00
Typing Speed;1;0;0;1;2;kd;160;7867;1;1;Indeterminate;RL;0;0;5023.idfx;DE9C9F9E41566143;01/01/01 00:00:00
Typing Speed;1;0;0;1;2;dk;24;8027;1;1;Indeterminate;LR;0;0;5023.idfx;DE9C9F9E41566143;01/01/01 00:00:00
Typing Speed;1;0;0;1;2;kd;168;8051;1;1;Indeterminate;RL;0;0;5023.idfx;DE9C9F9E41566143;01/01/01 00:00:00
Typing Speed;1;0;0;1;2;dk;57;8219;1;1;Indeterminate;LR;0;0;5023.idfx;DE9C9F9E41566143;01/01/01 00:00:00
Typing Speed;1;0;0;1;2;kd;127;8276;1;1;Indeterminate;RL;0;0;5023.idfx;DE9C9F9E41566143;01/01/01 00:00:00
Typing Speed;1;0;0;1;2;dk;24;8403;1;1;Indeterminate;LR;0;0;5023.idfx;DE9C9F9E41566143;01/01/01 00:00:00
Typing Speed;1;0;0;1;2;kd;152;8427;1;1;Indeterminate;RL;0;0;5023.idfx;DE9C9F9E41566143;01/01/01 00:00:00
Typing Speed;1;0;0;1;2;dk;16;8579;1;1;Indeterminate;LR;0;0;5023.idfx;DE9C9F9E41566143;01/01/01 00:00:00
Typing Speed;1;0;0;1;2;kd;168;8595;1;1;Indeterminate;RL;0;0;5023.idfx;DE9C9F9E41566143;01/01/01 00:00:00
Typing Speed;1;0;0;1;2;dk;16;8763;1;1;Indeterminate;LR;0;0;5023.idfx;DE9C9F9E41566143;01/01/01 00:00:00
Typing Speed;1;0;0;1;2;kk;162;8779;0;1;HF;RR;0;1;5023.idfx;DE9C9F9E41566143;01/01/01 00:00:00
Typing Speed;1;0;0;1;2;kd;6;8941;1;1;Indeterminate;RL;0;0;5023.idfx;DE9C9F9E41566143;01/01/01 00:00:00
Typing Speed;1;0;0;1;2;dk;136;8947;1;1;Indeterminate;LR;0;0;5023.idfx;DE9C9F9E41566143;01/01/01 00:00:00
Typing Speed;1;0;0;1;2;kd;16;9083;1;1;Indeterminate;RL;0;0;5023.idfx;DE9C9F9E41566143;01/01/01 00:00:00
Typing Speed;1;0;0;1;2;dk;129;9099;1;1;Indeterminate;LR;0;0;5023.idfx;DE9C9F9E41566143;01/01/01 00:00:00
Typing Speed;1;0;0;1;2;kd;24;9228;1;1;Indeterminate;RL;0;0;5023.idfx;DE9C9F9E41566143;01/01/01 00:00:00
Typing Speed;1;0;0;1;2;dk;119;9252;1;1;Indeterminate;LR;0;0;5023.idfx;DE9C9F9E41566143;01/01/01 00:00:00
Typing Speed;1;0;0;1;2;kd;41;9371;1;1;Indeterminate;RL;0;0;5023.idfx;DE9C9F9E41566143;01/01/01 00:00:00
Typing Speed;1;0;0;1;2;dk;111;9412;1;1;Indeterminate;LR;0;0;5023.idfx;DE9C9F9E41566143;01/01/01 00:00:00
Typing Speed;1;0;0;1;2;kd;40;9523;1;1;Indeterminate;RL;0;0;5023.idfx;DE9C9F9E41566143;01/01/01 00:00:00
Typing Speed;1;0;0;1;2;dk;128;9563;1;1;Indeterminate;LR;0;0;5023.idfx;DE9C9F9E41566143;01/01/01 00:00:00
Typing Speed;1;0;0;1;2;kd;48;9691;1;1;Indeterminate;RL;0;0;5023.idfx;DE9C9F9E41566143;01/01/01 00:00:00
Typing Speed;1;0;0;1;2;dk;136;9739;1;1;Indeterminate;LR;0;0;5023.idfx;DE9C9F9E41566143;01/01/01 00:00:00
Typing Speed;1;0;0;1;2;kk;139;9875;0;1;HF;RR;0;1;5023.idfx;DE9C9F9E41566143;01/01/01 00:00:00
Typing Speed;1;0;0;1;2;kd;21;10014;1;1;Indeterminate;RL;0;0;5023.idfx;DE9C9F9E41566143;01/01/01 00:00:00
Typing Speed;1;0;0;1;2;dk;136;10035;1;1;Indeterminate;LR;0;0;5023.idfx;DE9C9F9E41566143;01/01/01 00:00:00
Typing Speed;1;0;0;1;2;kd;25;10171;1;1;Indeterminate;RL;0;0;5023.idfx;DE9C9F9E41566143;01/01/01 00:00:00
Typing Speed;1;0;0;1;2;dk;151;10196;1;1;Indeterminate;LR;0;0;5023.idfx;DE9C9F9E41566143;01/01/01 00:00:00
Typing Speed;1;0;0;1;2;kd;24;10347;1;1;Indeterminate;RL;0;0;5023.idfx;DE9C9F9E41566143;01/01/01 00:00:00
Typing Speed;1;0;0;1;2;dk;160;10371;1;1;Indeterminate;LR;0;0;5023.idfx;DE9C9F9E41566143;01/01/01 00:00:00
Typing Speed;1;0;0;1;2;kd;16;10531;1;1;Indeterminate;RL;0;0;5023.idfx;DE9C9F9E41566143;01/01/01 00:00:00
Typing Speed;1;0;0;1;2;dd;178;10547;0;1;Indeterminate;LL;0;1;5023.idfx;DE9C9F9E41566143;01/01/01 00:00:00
Typing Speed;1;0;0;1;2;dk;6;10725;1;1;Indeterminate;LR;0;0;5023.idfx;DE9C9F9E41566143;01/01/01 00:00:00
Typing Speed;1;0;0;1;2;kd;160;10731;1;1;Indeterminate;RL;0;0;5023.idfx;DE9C9F9E41566143;01/01/01 00:00:00
Typing Speed;1;0;0;1;2;dk;8;10891;1;1;Indeterminate;LR;0;0;5023.idfx;DE9C9F9E41566143;01/01/01 00:00:00
Typing Speed;1;0;0;1;2;kd;152;10899;1;1;Indeterminate;RL;0;0;5023.idfx;DE9C9F9E41566143;01/01/01 00:00:00
Typing Speed;1;0;0;1;2;dk;24;11051;1;1;Indeterminate;LR;0;0;5023.idfx;DE9C9F9E41566143;01/01/01 00:00:00
Typing Speed;1;0;0;1;2;kd;160;11075;1;1;Indeterminate;RL;0;0;5023.idfx;DE9C9F9E41566143;01/01/01 00:00:00
Typing Speed;1;0;0;1;2;dd;147;11235;0;1;Indeterminate;LL;0;1;5023.idfx;DE9C9F9E41566143;01/01/01 00:00:00
Typing Speed;1;0;0;1;2;dk;29;11382;1;1;Indeterminate;LR;0;0;5023.idfx;DE9C9F9E41566143;01/01/01 00:00:00
Typing Speed;1;0;0;1;2;kd;129;11411;1;1;Indeterminate;RL;0;0;5023.idfx;DE9C9F9E41566143;01/01/01 00:00:00
Typing Speed;1;0;0;1;2;dk;15;11540;1;1;Indeterminate;LR;0;0;5023.idfx;DE9C9F9E41566143;01/01/01 00:00:00
Typing Speed;1;0;0;1;2;kd;136;11555;1;1;Indeterminate;RL;0;0;5023.idfx;DE9C9F9E41566143;01/01/01 00:00:00
Typing Speed;1;0;0;1;2;dk;17;11691;1;1;Indeterminate;LR;0;0;5023.idfx;DE9C9F9E41566143;01/01/01 00:00:00
Typing Speed;1;0;0;1;2;kk;145;11708;0;1;HF;RR;0;1;5023.idfx;DE9C9F9E41566143;01/01/01 00:00:00
Typing Speed;1;0;0;1;2;kd;6;11853;1;1;Indeterminate;RL;0;0;5023.idfx;DE9C9F9E41566143;01/01/01 00:00:00
Typing Speed;1;0;0;1;2;dk;136;11859;1;1;Indeterminate;LR;0;0;5023.idfx;DE9C9F9E41566143;01/01/01 00:00:00
Typing Speed;1;0;0;1;2;kd;18;11995;1;1;Indeterminate;RL;0;0;5023.idfx;DE9C9F9E41566143;01/01/01 00:00:00
Typing Speed;1;0;0;1;2;dk;134;12013;1;1;Indeterminate;LR;0;0;5023.idfx;DE9C9F9E41566143;01/01/01 00:00:00
Typing Speed;1;0;0;1;2;kd;24;12147;1;1;Indeterminate;RL;0;0;5023.idfx;DE9C9F9E41566143;01/01/01 00:00:00
Typing Speed;1;0;0;1;2;dk;160;12171;1;1;Indeterminate;LR;0;0;5023.idfx;DE9C9F9E41566143;01/01/01 00:00:00
Typing Speed;1;0;0;1;2;kd;8;12331;1;1;Indeterminate;RL;0;0;5023.idfx;DE9C9F9E41566143;01/01/01 00:00:00
Typing Speed;1;0;0;1;2;dk;145;12339;1;1;Indeterminate;LR;0;0;5023.idfx;DE9C9F9E41566143;01/01/01 00:00:00
Typing Speed;1;0;0;1;2;kd;39;12484;1;1;Indeterminate;RL;0;0;5023.idfx;DE9C9F9E41566143;01/01/01 00:00:00
Typing Speed;1;0;0;1;2;dk;144;12523;1;1;Indeterminate;LR;0;0;5023.idfx;DE9C9F9E41566143;01/01/01 00:00:00
Typing Speed;1;0;0;1;2;kd;16;12667;1;1;Indeterminate;RL;0;0;5023.idfx;DE9C9F9E41566143;01/01/01 00:00:00
Typing Speed;1;0;0;1;2;dd;155;12683;0;1;Indeterminate;LL;0;1;5023.idfx;DE9C9F9E41566143;01/01/01 00:00:00
Typing Speed;1;0;0;1;2;dk;2;12838;1;1;Indeterminate;LR;0;0;5023.idfx;DE9C9F9E41566143;01/01/01 00:00:00
Typing Speed;1;0;0;1;2;kd;172;12840;1;1;Indeterminate;RL;0;0;5023.idfx;DE9C9F9E41566143;01/01/01 00:00:00
Typing Speed;1;0;0;1;2;dk;3;13012;1;1;Indeterminate;LR;0;0;5023.idfx;DE9C9F9E41566143;01/01/01 00:00:00
Typing Speed;1;0;0;1;2;kk;142;13015;0;1;HF;RR;0;1;5023.idfx;DE9C9F9E41566143;01/01/01 00:00:00
Typing Speed;1;0;0;1;2;kd;7;13157;1;1;Indeterminate;RL;0;0;5023.idfx;DE9C9F9E41566143;01/01/01 00:00:00
Typing Speed;1;0;0;1;2;dd;162;13164;0;1;Indeterminate;LL;0;1;5023.idfx;DE9C9F9E41566143;01/01/01 00:00:00
Typing Speed;1;0;0;1;2;dk;3;13326;1;1;Indeterminate;LR;0;0;5023.idfx;DE9C9F9E41566143;01/01/01 00:00:00
Typing Speed;1;0;0;1;2;kk;156;13329;0;1;HF;RR;0;1;5023.idfx;DE9C9F9E41566143;01/01/01 00:00:00
Typing Speed;1;0;0;1;2;kd;14;13485;1;1;Indeterminate;RL;0;0;5023.idfx;DE9C9F9E41566143;01/01/01 00:00:00
Typing Speed;1;0;0;1;2;dk;168;13499;1;1;Indeterminate;LR;0;0;5023.idfx;DE9C9F9E41566143;01/01/01 00:00:00
Typing Speed;1;0;0;1;2;kd;8;13667;1;1;Indeterminate;RL;0;0;5023.idfx;DE9C9F9E41566143;01/01/01 00:00:00
Typing Speed;1;0;0;1;2;dd;186;13675;0;1;Indeterminate;LL;0;1;5023.idfx;DE9C9F9E41566143;01/01/01 00:00:00
Typing Speed;1;0;0;1;2;dk;3;13861;1;1;Indeterminate;LR;0;0;5023.idfx;DE9C9F9E41566143;01/01/01 00:00:00
Typing Speed;1;0;0;1;2;kk;181;13864;0;1;HF;RR;0;1;5023.idfx;DE9C9F9E41566143;01/01/01 00:00:00
Typing Speed;1;0;0;1;2;kd;6;14045;1;1;Indeterminate;RL;0;0;5023.idfx;DE9C9F9E41566143;01/01/01 00:00:00
Typing Speed;1;0;0;1;2;dk;169;14051;1;1;Indeterminate;LR;0;0;5023.idfx;DE9C9F9E41566143;01/01/01 00:00:00
Typing Speed;1;0;0;1;2;kd;7;14220;1;1;Indeterminate;RL;0;0;5023.idfx;DE9C9F9E41566143;01/01/01 00:00:00
Typing Speed;1;0;0;1;2;dk;152;14227;1;1;Indeterminate;LR;0;0;5023.idfx;DE9C9F9E41566143;01/01/01 00:00:00
Typing Speed;1;0;0;1;2;kd;8;14379;1;1;Indeterminate;RL;0;0;5023.idfx;DE9C9F9E41566143;01/01/01 00:00:00
Typing Speed;1;0;0;1;2;dd;164;14387;0;1;Indeterminate;LL;0;1;5023.idfx;DE9C9F9E41566143;01/01/01 00:00:00
Typing Speed;1;0;0;1;2;dk;3;14551;1;1;Indeterminate;LR;0;0;5023.idfx;DE9C9F9E41566143;01/01/01 00:00:00
Typing Speed;1;0;0;1;2;kd;154;14554;1;1;Indeterminate;RL;0;0;5023.idfx;DE9C9F9E41566143;01/01/01 00:00:00
Typing Speed;1;0;0;1;2;dk;8;14708;1;1;Indeterminate;LR;0;0;5023.idfx;DE9C9F9E41566143;01/01/01 00:00:00
Typing Speed;1;0;0;1;2;kd;175;14716;1;1;Indeterminate;RL;0;0;5023.idfx;DE9C9F9E41566143;01/01/01 00:00:00
Typing Speed;1;0;0;1;2;dk;8;14891;1;1;Indeterminate;LR;0;0;5023.idfx;DE9C9F9E41566143;01/01/01 00:00:00
Typing Speed;1;0;0;1;2;kk;170;14899;0;1;HF;RR;0;1;5023.idfx;DE9C9F9E41566143;01/01/01 00:00:00
Typing Speed;1;0;0;1;2;kd;6;15069;1;0;Indeterminate;RL;0;0;5023.idfx;DE9C9F9E41566143;01/01/01 00:00:00
Typing Speed;1;0;0;1;2;dd;186;15075;0;0;Indeterminate;LL;0;1;5023.idfx;DE9C9F9E41566143;01/01/01 00:00:00
Typing Speed;1;0;0;1;2;dk;6;15261;1;0;Indeterminate;LR;0;0;5023.idfx;DE9C9F9E41566143;01/01/01 00:00:00
Typing Speed;1;0;0;1;2;kd;193;15267;1;0;Indeterminate;RL;0;0;5023.idfx;DE9C9F9E41566143;01/01/01 00:00:00
Typing Speed;1;0;0;1;2;dk;2;15460;1;0;Indeterminate;LR;0;0;5023.idfx;DE9C9F9E41566143;01/01/01 00:00:00
Typing Speed;1;0;0;1;2;kd;181;15462;1;0;Indeterminate;RL;0;0;5023.idfx;DE9C9F9E41566143;01/01/01 00:00:00
Typing Speed;1;0;0;1;2;dk;8;15643;1;0;Indeterminate;LR;0;0;5023.idfx;DE9C9F9E41566143;01/01/01 00:00:00
Typing Speed;1;0;0;1;2;kd;152;15651;1;0;Indeterminate;RL;0;0;5023.idfx;DE9C9F9E41566143;01/01/01 00:00:00
Typing Speed;1;0;0;1;2;dk;17;15803;1;0;Indeterminate;LR;0;0;5023.idfx;DE9C9F9E41566143;01/01/01 00:00:00
Typing Speed;1;0;0;1;2;kd;176;15820;1;0;Indeterminate;RL;0;0;5023.idfx;DE9C9F9E41566143;01/01/01 00:00:00
Typing Speed;1;0;0;1;2;dk;16;15996;1;0;Indeterminate;LR;0;0;5023.idfx;DE9C9F9E41566143;01/01/01 00:00:00
Typing Speed;1;0;0;1;2;kk;193;16012;0;0;HF;RR;0;1;5023.idfx;DE9C9F9E41566143;01/01/01 00:00:00
Typing Speed;1;0;0;1;2;kd;6;16205;1;0;Indeterminate;RL;0;0;5023.idfx;DE9C9F9E41566143;01/01/01 00:00:00
Typing Speed;1;0;0;1;2;dk;176;16211;1;0;Indeterminate;LR;0;0;5023.idfx;DE9C9F9E41566143;01/01/01 00:00:00
Typing Speed;1;0;0;1;2;kd;16;16387;1;0;Indeterminate;RL;0;0;5023.idfx;DE9C9F9E41566143;01/01/01 00:00:00
Typing Speed;1;0;0;1;2;dk;184;16403;1;0;Indeterminate;LR;0;0;5023.idfx;DE9C9F9E41566143;01/01/01 00:00:00
Typing Speed;1;0;0;1;2;kd;8;16587;1;0;Indeterminate;RL;0;0;5023.idfx;DE9C9F9E41566143;01/01/01 00:00:00
Zin;1;0;0;1;2;ik;145;20730;1;0;HF;RR;1;0;5023.idfx;DE9C9F9E41566143;01/01/01 00:00:00
Zin;1;0;0;1;2;ne;103;21060;1;0;HF;RL;0;0;5023.idfx;DE9C9F9E41566143;01/01/01 00:00:00
Zin;1;0;0;1;2;ee;147;21163;1;0;HF;LL;0;1;5023.idfx;DE9C9F9E41566143;01/01/01 00:00:00
Zin;1;0;0;1;2;em;69;21310;1;0;HF;LR;0;0;5023.idfx;DE9C9F9E41566143;01/01/01 00:00:00
Zin;1;0;0;1;2;gr;73;21699;1;0;HF;Unknown;0;0;5023.idfx;DE9C9F9E41566143;01/01/01 00:00:00
Zin;1;0;0;1;2;ra;151;21772;1;0;HF;LL;0;0;5023.idfx;DE9C9F9E41566143;01/01/01 00:00:00
Zin;1;0;0;1;2;aa;138;21923;1;0;HF;LL;0;1;5023.idfx;DE9C9F9E41566143;01/01/01 00:00:00
Zin;1;0;0;1;2;ag;95;22061;1;0;HF;Unknown;0;0;5023.idfx;DE9C9F9E41566143;01/01/01 00:00:00
Zin;1;0;0;1;2;de;152;22387;1;0;HF;LL;1;0;5023.idfx;DE9C9F9E41566143;01/01/01 00:00:00
Zin;1;0;0;1;2;ee;146;22539;1;0;HF;LL;0;1;5023.idfx;DE9C9F9E41566143;01/01/01 00:00:00
Zin;1;0;0;1;2;el;78;22685;1;0;HF;LR;0;0;5023.idfx;DE9C9F9E41566143;01/01/01 00:00:00
Zin;1;0;0;1;2;aa;162;22923;1;0;HF;LL;0;1;5023.idfx;DE9C9F9E41566143;01/01/01 00:00:00
Zin;1;0;0;1;2;an;110;23085;1;0;HF;LR;0;0;5023.idfx;DE9C9F9E41566143;01/01/01 00:00:00
Zin;1;0;0;1;2;ee;154;23379;1;0;HF;LL;0;1;5023.idfx;DE9C9F9E41566143;01/01/01 00:00:00
Zin;1;0;0;1;2;en;86;23533;1;0;HF;LR;0;0;5023.idfx;DE9C9F9E41566143;01/01/01 00:00:00
Zin;1;0;0;1;2;sc;160;23803;1;1;HF;LL;0;0;5023.idfx;DE9C9F9E41566143;01/01/01 00:00:00
Zin;1;0;0;1;2;ch;136;23963;1;1;HF;Unknown;0;0;5023.idfx;DE9C9F9E41566143;01/01/01 00:00:00
Zin;1;0;0;1;2;hr;104;24099;1;1;Indeterminate;Unknown;0;0;5023.idfx;DE9C9F9E41566143;01/01/01 00:00:00
Zin;1;0;0;1;2;ri;121;24203;1;1;HF;LR;0;0;5023.idfx;DE9C9F9E41566143;01/01/01 00:00:00
Zin;1;0;0;1;2;ij;79;24324;1;1;HF;RR;1;0;5023.idfx;DE9C9F9E41566143;01/01/01 00:00:00
Zin;1;0;0;1;2;jf;112;24403;1;1;Indeterminate;RL;0;0;5023.idfx;DE9C9F9E41566143;01/01/01 00:00:00
Zin;1;0;0;1;2;ft;160;24515;1;1;Indeterminate;Unknown;1;0;5023.idfx;DE9C9F9E41566143;01/01/01 00:00:00
Zin;1;0;0;1;2;ta;184;24675;1;1;HF;Unknown;0;0;5023.idfx;DE9C9F9E41566143;01/01/01 00:00:00
Zin;1;0;0;1;2;aa;138;24859;1;1;HF;LL;0;1;5023.idfx;DE9C9F9E41566143;01/01/01 00:00:00
Zin;1;0;0;1;2;ak;78;24997;1;1;HF;LR;0;0;5023.idfx;DE9C9F9E41566143;01/01/01 00:00:00
Zin;2;0;0;1;2;ik;184;25915;1;1;HF;RR;1;0;5023.idfx;DE9C9F9E41566143;01/01/01 00:00:00
Zin;2;0;0;1;2;ne;96;26331;1;1;HF;RL;0;0;5023.idfx;DE9C9F9E41566143;01/01/01 00:00:00
Zin;2;0;0;1;2;ee;138;26427;1;1;HF;LL;0;1;5023.idfx;DE9C9F9E41566143;01/01/01 00:00:00
Zin;2;0;0;1;2;em;86;26565;1;1;HF;LR;0;0;5023.idfx;DE9C9F9E41566143;01/01/01 00:00:00
Zin;2;0;0;1;2;gr;144;26892;1;1;HF;Unknown;0;0;5023.idfx;DE9C9F9E41566143;01/01/01 00:00:00
Zin;2;0;0;1;2;ra;263;27036;1;1;HF;LL;0;0;5023.idfx;DE9C9F9E41566143;01/01/01 00:00:00
Zin;2;0;0;1;2;aa;202;27299;1;1;HF;LL;0;1;5023.idfx;DE9C9F9E41566143;01/01/01 00:00:00
Zin;2;0;0;1;2;ag;358;27501;1;1;HF;Unknown;0;0;5023.idfx;DE9C9F9E41566143;01/01/01 00:00:00
Zin;2;0;0;1;2;de;160;28091;1;1;HF;LL;1;0;5023.idfx;DE9C9F9E41566143;01/01/01 00:00:00
Zin;2;0;0;1;2;ee;154;28251;1;1;HF;LL;0;1;5023.idfx;DE9C9F9E41566143;01/01/01 00:00:00
Zin;2;0;0;1;2;el;62;28405;1;1;HF;LR;0;0;5023.idfx;DE9C9F9E41566143;01/01/01 00:00:00
Zin;2;0;0;1;2;aa;138;28643;1;1;HF;LL;0;1;5023.idfx;DE9C9F9E41566143;01/01/01 00:00:00
Zin;2;0;0;1;2;an;70;28781;1;1;HF;LR;0;0;5023.idfx;DE9C9F9E41566143;01/01/01 00:00:00
Zin;2;0;0;1;2;ee;162;29027;1;1;HF;LL;0;1;5023.idfx;DE9C9F9E41566143;01/01/01 00:00:00
Zin;2;0;0;1;2;en;119;29189;1;1;HF;LR;0;0;5023.idfx;DE9C9F9E41566143;01/01/01 00:00:00
Zin;2;0;0;1;2;sc;144;29491;1;1;HF;LL;0;0;5023.idfx;DE9C9F9E41566143;01/01/01 00:00:00
Zin;2;0;0;1;2;ch;96;29635;1;1;HF;Unknown;0;0;5023.idfx;DE9C9F9E41566143;01/01/01 00:00:00
Zin;2;0;0;1;2;hr;104;29731;1;1;Indeterminate;Unknown;0;0;5023.idfx;DE9C9F9E41566143;01/01/01 00:00:00
Zin;2;0;0;1;2;ri;120;29835;1;1;HF;LR;0;0;5023.idfx;DE9C9F9E41566143;01/01/01 00:00:00
Zin;2;0;0;1;2;ij;64;29955;1;1;HF;RR;1;0;5023.idfx;DE9C9F9E41566143;01/01/01 00:00:00
Zin;2;0;0;1;2;jf;72;30019;1;1;Indeterminate;RL;0;0;5023.idfx;DE9C9F9E41566143;01/01/01 00:00:00
Zin;2;0;0;1;2;ft;153;30091;1;1;Indeterminate;Unknown;1;0;5023.idfx;DE9C9F9E41566143;01/01/01 00:00:00
Zin;2;0;0;1;2;ta;183;30244;1;1;HF;Unknown;0;0;5023.idfx;DE9C9F9E41566143;01/01/01 00:00:00
Zin;2;0;0;1;2;aa;162;30427;1;1;HF;LL;0;1;5023.idfx;DE9C9F9E41566143;01/01/01 00:00:00
Zin;2;0;0;1;2;ak;78;30589;1;1;HF;LR;0;0;5023.idfx;DE9C9F9E41566143;01/01/01 00:00:00
Zin;2;0;0;1;2;ik;136;30883;1;1;HF;RR;1;0;5023.idfx;DE9C9F9E41566143;01/01/01 00:00:00
Zin;2;0;0;1;2;ne;64;31203;1;1;HF;RL;0;0;5023.idfx;DE9C9F9E41566143;01/01/01 00:00:00
Zin;2;0;0;1;2;ee;132;31267;1;1;HF;LL;0;1;5023.idfx;DE9C9F9E41566143;01/01/01 00:00:00
Zin;2;0;0;1;2;em;68;31399;1;1;HF;LR;0;0;5023.idfx;DE9C9F9E41566143;01/01/01 00:00:00
Zin;2;0;0;1;2;gr;151;31596;1;1;HF;Unknown;0;0;5023.idfx;DE9C9F9E41566143;01/01/01 00:00:00
Zin;2;0;0;1;2;ra;176;31747;1;1;HF;LL;0;0;5023.idfx;DE9C9F9E41566143;01/01/01 00:00:00
Zin;2;0;0;1;2;aa;122;31923;1;1;HF;LL;0;1;5023.idfx;DE9C9F9E41566143;01/01/01 00:00:00
Zin;2;0;0;1;2;ag;174;32045;1;1;HF;Unknown;0;0;5023.idfx;DE9C9F9E41566143;01/01/01 00:00:00
Zin;2;0;0;1;2;de;160;32515;1;1;HF;LL;1;0;5023.idfx;DE9C9F9E41566143;01/01/01 00:00:00
Zin;2;0;0;1;2;ee;146;32675;1;1;HF;LL;0;1;5023.idfx;DE9C9F9E41566143;01/01/01 00:00:00
Zin;2;0;0;1;2;el;30;32821;1;1;HF;LR;0;0;5023.idfx;DE9C9F9E41566143;01/01/01 00:00:00
Zin;2;0;0;1;2;aa;170;33003;1;1;HF;LL;0;1;5023.idfx;DE9C9F9E41566143;01/01/01 00:00:00
Zin;2;0;0;1;2;an;86;33173;1;1;HF;LR;0;0;5023.idfx;DE9C9F9E41566143;01/01/01 00:00:00
Zin;2;0;0;1;2;ee;145;33428;1;1;HF;LL;0;1;5023.idfx;DE9C9F9E41566143;01/01/01 00:00:00
Zin;2;0;0;1;2;en;110;33573;1;1;HF;LR;0;0;5023.idfx;DE9C9F9E41566143;01/01/01 00:00:00
Zin;2;0;0;1;2;sc;129;33819;1;1;HF;LL;0;0;5023.idfx;DE9C9F9E41566143;01/01/01 00:00:00
Zin;2;0;0;1;2;ch;79;33948;1;1;HF;Unknown;0;0;5023.idfx;DE9C9F9E41566143;01/01/01 00:00:00
Zin;2;0;0;1;2;hr;112;34027;1;1;Indeterminate;Unknown;0;0;5023.idfx;DE9C9F9E41566143;01/01/01 00:00:00
Zin;2;0;0;1;2;ri;64;34139;1;1;HF;LR;0;0;5023.idfx;DE9C9F9E41566143;01/01/01 00:00:00
Zin;2;0;0;1;2;ij;64;34203;1;1;HF;RR;1;0;5023.idfx;DE9C9F9E41566143;01/01/01 00:00:00
Zin;2;0;0;1;2;jf;88;34267;1;1;Indeterminate;RL;0;0;5023.idfx;DE9C9F9E41566143;01/01/01 00:00:00
Zin;2;0;0;1;2;ft;128;34355;1;1;Indeterminate;Unknown;1;0;5023.idfx;DE9C9F9E41566143;01/01/01 00:00:00
Zin;2;0;0;1;2;ta;176;34483;1;1;HF;Unknown;0;0;5023.idfx;DE9C9F9E41566143;01/01/01 00:00:00
Zin;2;0;0;1;2;aa;146;34659;1;1;HF;LL;0;1;5023.idfx;DE9C9F9E41566143;01/01/01 00:00:00
Zin;2;0;0;1;2;ak;104;34805;1;1;HF;LR;0;0;5023.idfx;DE9C9F9E41566143;01/01/01 00:00:00
Zin;2;0;0;1;2;ei;431;35076;0;1;HF;LR;0;0;5023.idfx;DE9C9F9E41566143;01/01/01 00:00:00
Zin;2;0;0;1;2;ik;160;35507;1;1;HF;RR;1;0;5023.idfx;DE9C9F9E41566143;01/01/01 00:00:00
Zin;2;0;0;1;2;ne;80;35867;1;1;HF;RL;0;0;5023.idfx;DE9C9F9E41566143;01/01/01 00:00:00
Zin;2;0;0;1;2;ee;154;35947;1;1;HF;LL;0;1;5023.idfx;DE9C9F9E41566143;01/01/01 00:00:00
Zin;2;0;0;1;2;em;78;36101;1;1;HF;LR;0;0;5023.idfx;DE9C9F9E41566143;01/01/01 00:00:00
Zin;2;0;0;1;2;gr;152;36339;1;1;HF;Unknown;0;0;5023.idfx;DE9C9F9E41566143;01/01/01 00:00:00
Zin;2;0;0;1;2;ra;161;36491;1;1;HF;LL;0;0;5023.idfx;DE9C9F9E41566143;01/01/01 00:00:00
Zin;2;0;0;1;2;aa;153;36652;1;1;HF;LL;0;1;5023.idfx;DE9C9F9E41566143;01/01/01 00:00:00
Zin;2;0;0;1;2;ag;158;36805;1;1;HF;Unknown;0;0;5023.idfx;DE9C9F9E41566143;01/01/01 00:00:00
Zin;2;0;0;1;2;de;153;37155;1;1;HF;LL;1;0;5023.idfx;DE9C9F9E41566143;01/01/01 00:00:00
Zin;2;0;0;1;2;ee;162;37308;1;1;HF;LL;0;1;5023.idfx;DE9C9F9E41566143;01/01/01 00:00:00
Zin;2;0;0;1;2;el;61;37470;1;1;HF;LR;0;0;5023.idfx;DE9C9F9E41566143;01/01/01 00:00:00
Zin;2;0;0;1;2;aa;171;37675;1;1;HF;LL;0;1;5023.idfx;DE9C9F9E41566143;01/01/01 00:00:00
Zin;2;0;0;1;2;an;85;37846;1;1;HF;LR;0;0;5023.idfx;DE9C9F9E41566143;01/01/01 00:00:00
Zin;2;0;0;1;2;ee;162;38227;1;1;HF;LL;0;1;5023.idfx;DE9C9F9E41566143;01/01/01 00:00:00
Zin;2;0;0;1;2;en;87;38389;1;1;HF;LR;0;0;5023.idfx;DE9C9F9E41566143;01/01/01 00:00:00
Zin;2;0;0;1;2;sc;232;38643;1;1;HF;LL;0;0;5023.idfx;DE9C9F9E41566143;01/01/01 00:00:00
Zin;2;0;0;1;2;ch;144;38875;1;1;HF;Unknown;0;0;5023.idfx;DE9C9F9E41566143;01/01/01 00:00:00
Zin;2;0;0;1;2;hr;144;39019;1;1;Indeterminate;Unknown;0;0;5023.idfx;DE9C9F9E41566143;01/01/01 00:00:00
Zin;2;0;0;1;2;ri;97;39163;1;1;HF;LR;0;0;5023.idfx;DE9C9F9E41566143;01/01/01 00:00:00
Zin;2;0;0;1;2;ij;55;39260;1;1;HF;RR;1;0;5023.idfx;DE9C9F9E41566143;01/01/01 00:00:00
Zin;2;0;0;1;2;jf;96;39315;1;1;Indeterminate;RL;0;0;5023.idfx;DE9C9F9E41566143;01/01/01 00:00:00
Zin;2;0;0;1;2;ft;152;39411;1;1;Indeterminate;Unknown;1;0;5023.idfx;DE9C9F9E41566143;01/01/01 00:00:00
Zin;2;0;0;1;2;ta;208;39563;1;1;HF;Unknown;0;0;5023.idfx;DE9C9F9E41566143;01/01/01 00:00:00
Zin;2;0;0;1;2;aa;139;39771;1;1;HF;LL;0;1;5023.idfx;DE9C9F9E41566143;01/01/01 00:00:00
Zin;2;0;0;1;2;ak;53;39910;1;1;HF;LR;0;0;5023.idfx;DE9C9F9E41566143;01/01/01 00:00:00
Zin;2;0;0;1;2;ik;136;40139;1;1;HF;RR;1;0;5023.idfx;DE9C9F9E41566143;01/01/01 00:00:00
Zin;2;0;0;1;2;gn;135;40428;0;1;Indeterminate;Unknown;0;0;5023.idfx;DE9C9F9E41566143;01/01/01 00:00:00
Zin;2;0;0;1;2;ne;200;40563;1;1;HF;RL;0;0;5023.idfx;DE9C9F9E41566143;01/01/01 00:00:00
Zin;2;0;0;1;2;ee;170;40763;1;1;HF;LL;0;1;5023.idfx;DE9C9F9E41566143;01/01/01 00:00:00
Zin;2;0;0;1;2;em;86;40933;1;1;HF;LR;0;0;5023.idfx;DE9C9F9E41566143;01/01/01 00:00:00
Zin;2;0;0;1;2;mg;192;41019;0;1;LF;Unknown;0;0;5023.idfx;DE9C9F9E41566143;01/01/01 00:00:00
Zin;2;0;0;1;2;gr;472;41211;1;1;HF;Unknown;0;0;5023.idfx;DE9C9F9E41566143;01/01/01 00:00:00
Zin;2;0;0;1;2;ra;248;41683;1;1;HF;LL;0;0;5023.idfx;DE9C9F9E41566143;01/01/01 00:00:00
Zin;2;0;0;1;2;aa;170;41931;1;1;HF;LL;0;1;5023.idfx;DE9C9F9E41566143;01/01/01 00:00:00
Zin;2;0;0;1;2;ag;166;42101;1;1;HF;Unknown;0;0;5023.idfx;DE9C9F9E41566143;01/01/01 00:00:00
Zin;2;0;0;1;2;de;209;42627;1;1;HF;LL;1;0;5023.idfx;DE9C9F9E41566143;01/01/01 00:00:00
Zin;2;0;0;1;2;ee;170;42836;1;1;HF;LL;0;1;5023.idfx;DE9C9F9E41566143;01/01/01 00:00:00
Zin;2;0;0;1;2;el;110;43006;1;1;HF;LR;0;0;5023.idfx;DE9C9F9E41566143;01/01/01 00:00:00
Zin;2;0;0;1;2;aa;162;43307;1;1;HF;LL;0;1;5023.idfx;DE9C9F9E41566143;01/01/01 00:00:00
Zin;2;0;0;1;2;an;70;43469;1;1;HF;LR;0;0;5023.idfx;DE9C9F9E41566143;01/01/01 00:00:00
Zin;2;0;0;1;2;ee;153;43684;1;1;HF;LL;0;1;5023.idfx;DE9C9F9E41566143;01/01/01 00:00:00
Zin;2;0;0;1;2;en;94;43837;1;1;HF;LR;0;0;5023.idfx;DE9C9F9E41566143;01/01/01 00:00:00
Zin;2;0;0;1;2;sc;168;44075;1;1;HF;LL;0;0;5023.idfx;DE9C9F9E41566143;01/01/01 00:00:00
Zin;2;0;0;1;2;ch;64;44243;1;1;HF;Unknown;0;0;5023.idfx;DE9C9F9E41566143;01/01/01 00:00:00
Zin;2;0;0;1;2;hr;120;44307;1;1;Indeterminate;Unknown;0;0;5023.idfx;DE9C9F9E41566143;01/01/01 00:00:00
Zin;2;0;0;1;2;ri;72;44427;1;1;HF;LR;0;0;5023.idfx;DE9C9F9E41566143;01/01/01 00:00:00
Zin;2;0;0;1;2;ij;73;44499;1;1;HF;RR;1;0;5023.idfx;DE9C9F9E41566143;01/01/01 00:00:00
Zin;2;0;0;1;2;jf;63;44572;1;1;Indeterminate;RL;0;0;5023.idfx;DE9C9F9E41566143;01/01/01 00:00:00
Zin;2;0;0;1;2;ft;152;44635;1;1;Indeterminate;Unknown;1;0;5023.idfx;DE9C9F9E41566143;01/01/01 00:00:00
Zin;2;0;0;1;2;ta;168;44787;1;1;HF;Unknown;0;0;5023.idfx;DE9C9F9E41566143;01/01/01 00:00:00
Zin;2;0;0;1;2;aa;162;44955;1;1;HF;LL;0;1;5023.idfx;DE9C9F9E41566143;01/01/01 00:00:00
Zin;2;0;0;1;2;ak;94;45117;1;1;HF;LR;0;0;5023.idfx;DE9C9F9E41566143;01/01/01 00:00:00
Zin;2;0;0;1;2;ik;152;45419;1;1;HF;RR;1;0;5023.idfx;DE9C9F9E41566143;01/01/01 00:00:00
Zin;2;0;0;1;2;ne;56;45747;1;1;HF;RL;0;0;5023.idfx;DE9C9F9E41566143;01/01/01 00:00:00
Zin;2;0;0;1;2;ee;138;45803;1;1;HF;LL;0;1;5023.idfx;DE9C9F9E41566143;01/01/01 00:00:00
Zin;2;0;0;1;2;em;70;45941;1;1;HF;LR;0;0;5023.idfx;DE9C9F9E41566143;01/01/01 00:00:00
Zin;2;0;0;1;2;ra;248;46547;1;1;HF;LL;0;0;5023.idfx;DE9C9F9E41566143;01/01/01 00:00:00
Zin;2;0;0;1;2;aa;138;46795;1;1;HF;LL;0;1;5023.idfx;DE9C9F9E41566143;01/01/01 00:00:00
Zin;2;0;0;1;2;ag;182;46933;1;1;HF;Unknown;0;0;5023.idfx;DE9C9F9E41566143;01/01/01 00:00:00
Zin;2;0;0;1;2;de;168;47331;1;1;HF;LL;1;0;5023.idfx;DE9C9F9E41566143;01/01/01 00:00:00
Zin;2;0;0;1;2;ee;154;47499;1;1;HF;LL;0;1;5023.idfx;DE9C9F9E41566143;01/01/01 00:00:00
Zin;2;0;0;1;2;el;55;47653;1;1;HF;LR;0;0;5023.idfx;DE9C9F9E41566143;01/01/01 00:00:00
Zin;2;0;0;1;2;aa;170;48099;1;0;HF;LL;0;1;5023.idfx;DE9C9F9E41566143;01/01/01 00:00:00
Zin;2;0;0;1;2;an;134;48269;1;0;HF;LR;0;0;5023.idfx;DE9C9F9E41566143;01/01/01 00:00:00
Zin;2;0;0;1;2;ee;162;48579;1;0;HF;LL;0;1;5023.idfx;DE9C9F9E41566143;01/01/01 00:00:00
Zin;2;0;0;1;2;en;78;48741;1;0;HF;LR;0;0;5023.idfx;DE9C9F9E41566143;01/01/01 00:00:00
Zin;2;0;0;1;2;sc;168;48971;1;0;HF;LL;0;0;5023.idfx;DE9C9F9E41566143;01/01/01 00:00:00
Zin;2;0;0;1;2;ch;136;49139;1;0;HF;Unknown;0;0;5023.idfx;DE9C9F9E41566143;01/01/01 00:00:00
Zin;2;0;0;1;2;hr;104;49275;1;0;Indeterminate;Unknown;0;0;5023.idfx;DE9C9F9E41566143;01/01/01 00:00:00
Zin;2;0;0;1;2;ri;105;49379;1;0;HF;LR;0;0;5023.idfx;DE9C9F9E41566143;01/01/01 00:00:00
Zin;2;0;0;1;2;ij;63;49484;1;0;HF;RR;1;0;5023.idfx;DE9C9F9E41566143;01/01/01 00:00:00
Zin;2;0;0;1;2;jf;64;49547;1;0;Indeterminate;RL;0;0;5023.idfx;DE9C9F9E41566143;01/01/01 00:00:00
Zin;2;0;0;1;2;ft;145;49611;1;0;Indeterminate;Unknown;1;0;5023.idfx;DE9C9F9E41566143;01/01/01 00:00:00
Zin;2;0;0;1;2;ta;183;49756;1;0;HF;Unknown;0;0;5023.idfx;DE9C9F9E41566143;01/01/01 00:00:00
Zin;2;0;0;1;2;aa;146;49939;1;0;HF;LL;0;1;5023.idfx;DE9C9F9E41566143;01/01/01 00:00:00
Zin;2;0;0;1;2;ak;62;50085;1;0;HF;LR;0;0;5023.idfx;DE9C9F9E41566143;01/01/01 00:00:00
Zin;2;0;0;1;2;ik;144;50331;1;0;HF;RR;1;0;5023.idfx;DE9C9F9E41566143;01/01/01 00:00:00
Zin;2;0;0;1;2;ne;55;50644;1;0;HF;RL;0;0;5023.idfx;DE9C9F9E41566143;01/01/01 00:00:00
Zin;2;0;0;1;2;ee;160;50699;1;0;HF;LL;0;1;5023.idfx;DE9C9F9E41566143;01/01/01 00:00:00
Zin;2;0;0;1;2;em;80;50859;1;0;HF;LR;0;0;5023.idfx;DE9C9F9E41566143;01/01/01 00:00:00
Woorden 1;1;0;1;0;1;av;575;74764;0;1;Indeterminate;LL;0;0;5023.idfx;DE9C9F9E41566143;01/01/01 00:00:00
Woorden 1;1;0;1;0;1;vi;96;75339;1;1;HF;LR;0;0;5023.idfx;DE9C9F9E41566143;01/01/01 00:00:00
Woorden 1;1;0;1;0;1;ie;80;75435;1;1;HF;RL;0;0;5023.idfx;DE9C9F9E41566143;01/01/01 00:00:00
Woorden 1;1;0;1;0;1;er;144;75515;1;1;HF;LL;1;0;5023.idfx;DE9C9F9E41566143;01/01/01 00:00:00
Woorden 1;1;0;1;0;1;mo;168;75755;1;1;HF;RR;1;0;5023.idfx;DE9C9F9E41566143;01/01/01 00:00:00
Woorden 1;1;0;1;0;1;og;25;75923;1;1;HF;Unknown;0;0;5023.idfx;DE9C9F9E41566143;01/01/01 00:00:00
Woorden 1;1;0;1;0;1;ge;87;75948;1;1;HF;Unknown;0;0;5023.idfx;DE9C9F9E41566143;01/01/01 00:00:00
Woorden 1;1;0;1;0;1;el;88;76035;1;1;HF;LR;0;0;5023.idfx;DE9C9F9E41566143;01/01/01 00:00:00
Woorden 1;1;0;1;0;1;li;138;76123;1;1;HF;RR;1;0;5023.idfx;DE9C9F9E41566143;01/01/01 00:00:00
Woorden 1;1;0;1;0;1;ij;62;76261;1;1;HF;RR;1;0;5023.idfx;DE9C9F9E41566143;01/01/01 00:00:00
Woorden 1;1;0;1;0;1;jk;152;76323;1;1;HF;RR;1;0;5023.idfx;DE9C9F9E41566143;01/01/01 00:00:00
Woorden 1;1;0;1;0;1;ke;58;76475;1;1;HF;RL;0;0;5023.idfx;DE9C9F9E41566143;01/01/01 00:00:00
Woorden 1;1;0;1;0;1;ve;160;76707;1;1;HF;LL;0;0;5023.idfx;DE9C9F9E41566143;01/01/01 00:00:00
Woorden 1;1;0;1;0;1;er;120;76867;1;1;HF;LL;1;0;5023.idfx;DE9C9F9E41566143;01/01/01 00:00:00
Woorden 1;1;0;1;0;1;rb;73;76987;1;1;HF;Unknown;0;0;5023.idfx;DE9C9F9E41566143;01/01/01 00:00:00
Woorden 1;1;0;1;0;1;ba;87;77060;1;1;HF;Unknown;0;0;5023.idfx;DE9C9F9E41566143;01/01/01 00:00:00
Woorden 1;1;0;1;0;1;an;104;77147;1;1;HF;LR;0;0;5023.idfx;DE9C9F9E41566143;01/01/01 00:00:00
Woorden 1;1;0;1;0;1;nd;48;77251;1;1;HF;RL;0;0;5023.idfx;DE9C9F9E41566143;01/01/01 00:00:00
Woorden 1;1;0;1;0;1;de;144;77299;1;1;HF;LL;1;0;5023.idfx;DE9C9F9E41566143;01/01/01 00:00:00
Woorden 1;1;0;1;0;1;en;32;77443;1;1;HF;LR;0;0;5023.idfx;DE9C9F9E41566143;01/01/01 00:00:00
Woorden 1;2;0;1;0;1;vi;111;77740;1;1;HF;LR;0;0;5023.idfx;DE9C9F9E41566143;01/01/01 00:00:00
Woorden 1;2;0;1;0;1;ie;73;77851;1;1;HF;RL;0;0;5023.idfx;DE9C9F9E41566143;01/01/01 00:00:00
Woorden 1;2;0;1;0;1;er;135;77924;1;1;HF;LL;1;0;5023.idfx;DE9C9F9E41566143;01/01/01 00:00:00
Woorden 1;2;0;1;0;1;mo;152;78219;1;1;HF;RR;1;0;5023.idfx;DE9C9F9E41566143;01/01/01 00:00:00
Woorden 1;2;0;1;0;1;og;48;78371;1;1;HF;Unknown;0;0;5023.idfx;DE9C9F9E41566143;01/01/01 00:00:00
Woorden 1;2;0;1;0;1;ge;152;78419;1;1;HF;Unknown;0;0;5023.idfx;DE9C9F9E41566143;01/01/01 00:00:00
Woorden 1;2;0;1;0;1;el;40;78571;1;1;HF;LR;0;0;5023.idfx;DE9C9F9E41566143;01/01/01 00:00:00
Woorden 1;2;0;1;0;1;li;144;78611;1;1;HF;RR;1;0;5023.idfx;DE9C9F9E41566143;01/01/01 00:00:00
Woorden 1;2;0;1;0;1;ij;75;78755;1;1;HF;RR;1;0;5023.idfx;DE9C9F9E41566143;01/01/01 00:00:00
Woorden 1;2;0;1;0;1;jk;149;78830;1;1;HF;RR;1;0;5023.idfx;DE9C9F9E41566143;01/01/01 00:00:00
Woorden 1;2;0;1;0;1;ke;57;78979;1;1;HF;RL;0;0;5023.idfx;DE9C9F9E41566143;01/01/01 00:00:00
Woorden 1;2;0;1;0;1;ve;160;79243;1;1;HF;LL;0;0;5023.idfx;DE9C9F9E41566143;01/01/01 00:00:00
Woorden 1;2;0;1;0;1;er;128;79403;1;1;HF;LL;1;0;5023.idfx;DE9C9F9E41566143;01/01/01 00:00:00
Woorden 1;2;0;1;0;1;rb;65;79531;1;1;HF;Unknown;0;0;5023.idfx;DE9C9F9E41566143;01/01/01 00:00:00
Woorden 1;2;0;1;0;1;ba;95;79596;1;1;HF;Unknown;0;0;5023.idfx;DE9C9F9E41566143;01/01/01 00:00:00
Woorden 1;2;0;1;0;1;an;112;79691;1;1;HF;LR;0;0;5023.idfx;DE9C9F9E41566143;01/01/01 00:00:00
Woorden 1;2;0;1;0;1;nd;88;79803;1;1;HF;RL;0;0;5023.idfx;DE9C9F9E41566143;01/01/01 00:00:00
Woorden 1;2;0;1;0;1;de;104;79891;1;1;HF;LL;1;0;5023.idfx;DE9C9F9E41566143;01/01/01 00:00:00
Woorden 1;2;0;1;0;1;en;56;79995;1;1;HF;LR;0;0;5023.idfx;DE9C9F9E41566143;01/01/01 00:00:00
Woorden 1;3;0;1;0;1;vi;93;80310;1;1;HF;LR;0;0;5023.idfx;DE9C9F9E41566143;01/01/01 00:00:00
Woorden 1;3;0;1;0;1;ie;88;80403;1;1;HF;RL;0;0;5023.idfx;DE9C9F9E41566143;01/01/01 00:00:00
Woorden 1;3;0;1;0;1;er;136;80491;1;1;HF;LL;1;0;5023.idfx;DE9C9F9E41566143;01/01/01 00:00:00
Woorden 1;3;0;1;0;1;mo;128;80803;1;1;HF;RR;1;0;5023.idfx;DE9C9F9E41566143;01/01/01 00:00:00
Woorden 1;3;0;1;0;1;og;136;80931;1;1;HF;Unknown;0;0;5023.idfx;DE9C9F9E41566143;01/01/01 00:00:00
Woorden 1;3;0;1;0;1;ge;104;81067;1;1;HF;Unknown;0;0;5023.idfx;DE9C9F9E41566143;01/01/01 00:00:00
Woorden 1;3;0;1;0;1;el;80;81171;1;1;HF;LR;0;0;5023.idfx;DE9C9F9E41566143;01/01/01 00:00:00
Woorden 1;3;0;1;0;1;li;136;81251;1;1;HF;RR;1;0;5023.idfx;DE9C9F9E41566143;01/01/01 00:00:00
Woorden 1;3;0;1;0;1;ij;72;81387;1;1;HF;RR;1;0;5023.idfx;DE9C9F9E41566143;01/01/01 00:00:00
Woorden 1;3;0;1;0;1;jk;168;81459;1;1;HF;RR;1;0;5023.idfx;DE9C9F9E41566143;01/01/01 00:00:00
Woorden 1;3;0;1;0;1;ke;40;81627;1;1;HF;RL;0;0;5023.idfx;DE9C9F9E41566143;01/01/01 00:00:00
Woorden 1;3;0;1;0;1;ve;168;81883;1;1;HF;LL;0;0;5023.idfx;DE9C9F9E41566143;01/01/01 00:00:00
Woorden 1;3;0;1;0;1;er;136;82051;1;1;HF;LL;1;0;5023.idfx;DE9C9F9E41566143;01/01/01 00:00:00
Woorden 1;3;0;1;0;1;rb;56;82187;1;1;HF;Unknown;0;0;5023.idfx;DE9C9F9E41566143;01/01/01 00:00:00
Woorden 1;3;0;1;0;1;ba;88;82243;1;1;HF;Unknown;0;0;5023.idfx;DE9C9F9E41566143;01/01/01 00:00:00
Woorden 1;3;0;1;0;1;an;96;82331;1;1;HF;LR;0;0;5023.idfx;DE9C9F9E41566143;01/01/01 00:00:00
Woorden 1;3;0;1;0;1;nd;48;82427;1;1;HF;RL;0;0;5023.idfx;DE9C9F9E41566143;01/01/01 00:00:00
Woorden 1;3;0;1;0;1;de;152;82475;1;1;HF;LL;1;0;5023.idfx;DE9C9F9E41566143;01/01/01 00:00:00
Woorden 1;3;0;1;0;1;en;32;82627;1;1;HF;LR;0;0;5023.idfx;DE9C9F9E41566143;01/01/01 00:00:00
Woorden 1;4;0;1;0;1;vi;113;82891;1;1;HF;LR;0;0;5023.idfx;DE9C9F9E41566143;01/01/01 00:00:00
Woorden 1;4;0;1;0;1;ie;79;83004;1;1;HF;RL;0;0;5023.idfx;DE9C9F9E41566143;01/01/01 00:00:00
Woorden 1;4;0;1;0;1;er;144;83083;1;1;HF;LL;1;0;5023.idfx;DE9C9F9E41566143;01/01/01 00:00:00
Woorden 1;4;0;1;0;1;mo;136;83395;1;1;HF;RR;1;0;5023.idfx;DE9C9F9E41566143;01/01/01 00:00:00
Woorden 1;4;0;1;0;1;og;41;83531;1;1;HF;Unknown;0;0;5023.idfx;DE9C9F9E41566143;01/01/01 00:00:00
Woorden 1;4;0;1;0;1;ge;111;83572;1;1;HF;Unknown;0;0;5023.idfx;DE9C9F9E41566143;01/01/01 00:00:00
Woorden 1;4;0;1;0;1;el;80;83683;1;1;HF;LR;0;0;5023.idfx;DE9C9F9E41566143;01/01/01 00:00:00
Woorden 1;4;0;1;0;1;li;152;83763;1;1;HF;RR;1;0;5023.idfx;DE9C9F9E41566143;01/01/01 00:00:00
Woorden 1;4;0;1;0;1;ij;64;83915;1;1;HF;RR;1;0;5023.idfx;DE9C9F9E41566143;01/01/01 00:00:00
Woorden 1;4;0;1;0;1;jk;155;83979;1;1;HF;RR;1;0;5023.idfx;DE9C9F9E41566143;01/01/01 00:00:00
Woorden 1;4;0;1;0;1;ke;53;84134;1;1;HF;RL;0;0;5023.idfx;DE9C9F9E41566143;01/01/01 00:00:00
Woorden 1;4;0;1;0;1;ve;175;84356;1;1;HF;LL;0;0;5023.idfx;DE9C9F9E41566143;01/01/01 00:00:00
Woorden 1;4;0;1;0;1;er;128;84531;1;1;HF;LL;1;0;5023.idfx;DE9C9F9E41566143;01/01/01 00:00:00
Woorden 1;4;0;1;0;1;rb;80;84659;1;1;HF;Unknown;0;0;5023.idfx;DE9C9F9E41566143;01/01/01 00:00:00
Woorden 1;4;0;1;0;1;ba;64;84739;1;1;HF;Unknown;0;0;5023.idfx;DE9C9F9E41566143;01/01/01 00:00:00
Woorden 1;4;0;1;0;1;an;112;84803;1;1;HF;LR;0;0;5023.idfx;DE9C9F9E41566143;01/01/01 00:00:00
Woorden 1;4;0;1;0;1;nd;41;84915;1;1;HF;RL;0;0;5023.idfx;DE9C9F9E41566143;01/01/01 00:00:00
Woorden 1;4;0;1;0;1;de;151;84956;1;1;HF;LL;1;0;5023.idfx;DE9C9F9E41566143;01/01/01 00:00:00
Woorden 1;4;0;1;0;1;en;56;85107;1;1;HF;LR;0;0;5023.idfx;DE9C9F9E41566143;01/01/01 00:00:00
Woorden 1;5;0;1;0;1;vi;96;85435;1;1;HF;LR;0;0;5023.idfx;DE9C9F9E41566143;01/01/01 00:00:00
Woorden 1;5;0;1;0;1;ie;80;85531;1;1;HF;RL;0;0;5023.idfx;DE9C9F9E41566143;01/01/01 00:00:00
Woorden 1;5;0;1;0;1;er;160;85611;1;1;HF;LL;1;0;5023.idfx;DE9C9F9E41566143;01/01/01 00:00:00
Woorden 1;5;0;1;0;1;mo;160;85939;1;1;HF;RR;1;0;5023.idfx;DE9C9F9E41566143;01/01/01 00:00:00
Woorden 1;5;0;1;0;1;og;40;86099;1;1;HF;Unknown;0;0;5023.idfx;DE9C9F9E41566143;01/01/01 00:00:00
Woorden 1;5;0;1;0;1;ge;80;86139;1;1;HF;Unknown;0;0;5023.idfx;DE9C9F9E41566143;01/01/01 00:00:00
Woorden 1;5;0;1;0;1;el;96;86219;1;1;HF;LR;0;0;5023.idfx;DE9C9F9E41566143;01/01/01 00:00:00
Woorden 1;5;0;1;0;1;li;144;86315;1;1;HF;RR;1;0;5023.idfx;DE9C9F9E41566143;01/01/01 00:00:00
Woorden 1;5;0;1;0;1;ij;72;86459;1;1;HF;RR;1;0;5023.idfx;DE9C9F9E41566143;01/01/01 00:00:00
Woorden 1;5;0;1;0;1;jk;160;86531;1;1;HF;RR;1;0;5023.idfx;DE9C9F9E41566143;01/01/01 00:00:00
Woorden 1;5;0;1;0;1;ke;40;86691;1;1;HF;RL;0;0;5023.idfx;DE9C9F9E41566143;01/01/01 00:00:00
Woorden 1;5;0;1;0;1;ve;168;87011;1;1;HF;LL;0;0;5023.idfx;DE9C9F9E41566143;01/01/01 00:00:00
Woorden 1;5;0;1;0;1;er;136;87179;1;1;HF;LL;1;0;5023.idfx;DE9C9F9E41566143;01/01/01 00:00:00
Woorden 1;5;0;1;0;1;rb;80;87315;1;1;HF;Unknown;0;0;5023.idfx;DE9C9F9E41566143;01/01/01 00:00:00
Woorden 1;5;0;1;0;1;ba;81;87395;1;1;HF;Unknown;0;0;5023.idfx;DE9C9F9E41566143;01/01/01 00:00:00
Woorden 1;5;0;1;0;1;an;111;87476;1;1;HF;LR;0;0;5023.idfx;DE9C9F9E41566143;01/01/01 00:00:00
Woorden 1;5;0;1;0;1;nd;65;87587;1;1;HF;RL;0;0;5023.idfx;DE9C9F9E41566143;01/01/01 00:00:00
Woorden 1;5;0;1;0;1;de;135;87652;1;1;HF;LL;1;0;5023.idfx;DE9C9F9E41566143;01/01/01 00:00:00
Woorden 1;5;0;1;0;1;en;40;87787;1;1;HF;LR;0;0;5023.idfx;DE9C9F9E41566143;01/01/01 00:00:00
Woorden 1;6;0;1;0;1;vi;103;88060;1;1;HF;LR;0;0;5023.idfx;DE9C9F9E41566143;01/01/01 00:00:00
Woorden 1;6;0;1;0;1;ie;88;88163;1;1;HF;RL;0;0;5023.idfx;DE9C9F9E41566143;01/01/01 00:00:00
Woorden 1;6;0;1;0;1;er;128;88251;1;1;HF;LL;1;0;5023.idfx;DE9C9F9E41566143;01/01/01 00:00:00
Woorden 1;6;0;1;0;1;mo;128;88539;1;1;HF;RR;1;0;5023.idfx;DE9C9F9E41566143;01/01/01 00:00:00
Woorden 1;6;0;1;0;1;og;40;88667;1;1;HF;Unknown;0;0;5023.idfx;DE9C9F9E41566143;01/01/01 00:00:00
Woorden 1;6;0;1;0;1;ge;80;88707;1;1;HF;Unknown;0;0;5023.idfx;DE9C9F9E41566143;01/01/01 00:00:00
Woorden 1;6;0;1;0;1;el;96;88787;1;1;HF;LR;0;0;5023.idfx;DE9C9F9E41566143;01/01/01 00:00:00
Woorden 1;6;0;1;0;1;li;136;88883;1;1;HF;RR;1;0;5023.idfx;DE9C9F9E41566143;01/01/01 00:00:00
Woorden 1;6;0;1;0;1;ij;74;89019;1;1;HF;RR;1;0;5023.idfx;DE9C9F9E41566143;01/01/01 00:00:00
Woorden 1;6;0;1;0;1;jk;150;89093;1;1;HF;RR;1;0;5023.idfx;DE9C9F9E41566143;01/01/01 00:00:00
Woorden 1;6;0;1;0;1;ke;24;89243;1;1;HF;RL;0;0;5023.idfx;DE9C9F9E41566143;01/01/01 00:00:00
Woorden 1;6;0;1;0;1;ve;128;89443;1;1;HF;LL;0;0;5023.idfx;DE9C9F9E41566143;01/01/01 00:00:00
Woorden 1;6;0;1;0;1;er;152;89571;1;1;HF;LL;1;0;5023.idfx;DE9C9F9E41566143;01/01/01 00:00:00
Woorden 1;6;0;1;0;1;rb;121;89723;1;1;HF;Unknown;0;0;5023.idfx;DE9C9F9E41566143;01/01/01 00:00:00
Woorden 1;6;0;1;0;1;ba;127;89844;1;1;HF;Unknown;0;0;5023.idfx;DE9C9F9E41566143;01/01/01 00:00:00
Woorden 1;6;0;1;0;1;an;128;89971;1;1;HF;LR;0;0;5023.idfx;DE9C9F9E41566143;01/01/01 00:00:00
Woorden 1;6;0;1;0;1;nd;73;90099;1;1;HF;RL;0;0;5023.idfx;DE9C9F9E41566143;01/01/01 00:00:00
Woorden 1;6;0;1;0;1;de;127;90172;1;1;HF;LL;1;0;5023.idfx;DE9C9F9E41566143;01/01/01 00:00:00
Woorden 1;6;0;1;0;1;en;24;90299;1;1;HF;LR;0;0;5023.idfx;DE9C9F9E41566143;01/01/01 00:00:00
Woorden 1;7;0;1;0;1;vi;257;90587;1;1;HF;LR;0;0;5023.idfx;DE9C9F9E41566143;01/01/01 00:00:00
Woorden 1;7;0;1;0;1;ie;143;90844;1;1;HF;RL;0;0;5023.idfx;DE9C9F9E41566143;01/01/01 00:00:00
Woorden 1;7;0;1;0;1;er;176;90987;1;1;HF;LL;1;0;5023.idfx;DE9C9F9E41566143;01/01/01 00:00:00
Woorden 1;7;0;1;0;1;mo;134;91629;1;0;HF;RR;1;0;5023.idfx;DE9C9F9E41566143;01/01/01 00:00:00
Woorden 1;7;0;1;0;1;og;65;91763;1;0;HF;Unknown;0;0;5023.idfx;DE9C9F9E41566143;01/01/01 00:00:00
Woorden 1;7;0;1;0;1;ge;55;91828;1;0;HF;Unknown;0;0;5023.idfx;DE9C9F9E41566143;01/01/01 00:00:00
Woorden 1;7;0;1;0;1;el;104;91883;1;0;HF;LR;0;0;5023.idfx;DE9C9F9E41566143;01/01/01 00:00:00
Woorden 1;7;0;1;0;1;li;120;91987;1;0;HF;RR;1;0;5023.idfx;DE9C9F9E41566143;01/01/01 00:00:00
Woorden 1;7;0;1;0;1;ij;73;92107;1;0;HF;RR;1;0;5023.idfx;DE9C9F9E41566143;01/01/01 00:00:00
Woorden 1;7;0;1;0;1;jk;167;92180;1;0;HF;RR;1;0;5023.idfx;DE9C9F9E41566143;01/01/01 00:00:00
Woorden 1;7;0;1;0;1;ke;80;92347;1;0;HF;RL;0;0;5023.idfx;DE9C9F9E41566143;01/01/01 00:00:00
Woorden 1;7;0;1;0;1;ve;183;92630;1;0;HF;LL;0;0;5023.idfx;DE9C9F9E41566143;01/01/01 00:00:00
Woorden 1;7;0;1;0;1;er;134;92813;1;0;HF;LL;1;0;5023.idfx;DE9C9F9E41566143;01/01/01 00:00:00
Woorden 1;7;0;1;0;1;rb;56;92947;1;0;HF;Unknown;0;0;5023.idfx;DE9C9F9E41566143;01/01/01 00:00:00
Woorden 1;7;0;1;0;1;ba;96;93003;1;0;HF;Unknown;0;0;5023.idfx;DE9C9F9E41566143;01/01/01 00:00:00
Woorden 1;7;0;1;0;1;an;112;93099;1;0;HF;LR;0;0;5023.idfx;DE9C9F9E41566143;01/01/01 00:00:00
Woorden 1;7;0;1;0;1;nd;40;93211;1;0;HF;RL;0;0;5023.idfx;DE9C9F9E41566143;01/01/01 00:00:00
Woorden 1;7;0;1;0;1;de;137;93251;1;0;HF;LL;1;0;5023.idfx;DE9C9F9E41566143;01/01/01 00:00:00
Woorden 1;7;0;1;0;1;en;47;93388;1;0;HF;LR;0;0;5023.idfx;DE9C9F9E41566143;01/01/01 00:00:00
Woorden 2;1;0;1;0;1;dr;175;96052;1;0;HF;LL;1;0;5023.idfx;DE9C9F9E41566143;01/01/01 00:00:00
Woorden 2;1;0;1;0;1;ri;122;96227;1;0;HF;LR;0;0;5023.idfx;DE9C9F9E41566143;01/01/01 00:00:00
Woorden 2;1;0;1;0;1;ie;87;96349;1;0;HF;RL;0;0;5023.idfx;DE9C9F9E41566143;01/01/01 00:00:00
Woorden 2;1;0;1;0;1;be;88;96587;1;0;HF;Unknown;0;0;5023.idfx;DE9C9F9E41566143;01/01/01 00:00:00
Woorden 2;1;0;1;0;1;el;104;96675;1;0;HF;LR;0;0;5023.idfx;DE9C9F9E41566143;01/01/01 00:00:00
Woorden 2;1;0;1;0;1;la;72;96779;1;0;HF;RL;0;0;5023.idfx;DE9C9F9E41566143;01/01/01 00:00:00
Woorden 2;1;0;1;0;1;an;96;96851;1;0;HF;LR;0;0;5023.idfx;DE9C9F9E41566143;01/01/01 00:00:00
Woorden 2;1;0;1;0;1;ng;72;96947;1;0;HF;Unknown;0;0;5023.idfx;DE9C9F9E41566143;01/01/01 00:00:00
Woorden 2;1;0;1;0;1;gr;113;97019;1;0;HF;Unknown;0;0;5023.idfx;DE9C9F9E41566143;01/01/01 00:00:00
Woorden 2;1;0;1;0;1;ri;24;97132;1;0;HF;LR;0;0;5023.idfx;DE9C9F9E41566143;01/01/01 00:00:00
Woorden 2;1;0;1;0;1;ij;72;97156;1;0;HF;RR;1;0;5023.idfx;DE9C9F9E41566143;01/01/01 00:00:00
Woorden 2;1;0;1;0;1;jk;167;97228;1;0;HF;RR;1;0;5023.idfx;DE9C9F9E41566143;01/01/01 00:00:00
Woorden 2;1;0;1;0;1;ke;56;97395;1;0;HF;RL;0;0;5023.idfx;DE9C9F9E41566143;01/01/01 00:00:00
Woorden 2;1;0;1;0;1;ki;152;97627;1;0;HF;RR;1;0;5023.idfx;DE9C9F9E41566143;01/01/01 00:00:00
Woorden 2;1;0;1;0;1;in;138;97779;1;0;HF;RR;0;0;5023.idfx;DE9C9F9E41566143;01/01/01 00:00:00
Woorden 2;1;0;1;0;1;nd;54;97917;1;0;HF;RL;0;0;5023.idfx;DE9C9F9E41566143;01/01/01 00:00:00
Woorden 2;1;0;1;0;1;de;136;97971;1;0;HF;LL;1;0;5023.idfx;DE9C9F9E41566143;01/01/01 00:00:00
Woorden 2;1;0;1;0;1;er;120;98107;1;0;HF;LL;1;0;5023.idfx;DE9C9F9E41566143;01/01/01 00:00:00
Woorden 2;1;0;1;0;1;re;136;98227;1;0;HF;LL;1;0;5023.idfx;DE9C9F9E41566143;01/01/01 00:00:00
Woorden 2;1;0;1;0;1;en;33;98363;1;0;HF;LR;0;0;5023.idfx;DE9C9F9E41566143;01/01/01 00:00:00
Woorden 2;2;0;1;0;1;dr;151;98596;1;1;HF;LL;1;0;5023.idfx;DE9C9F9E41566143;01/01/01 00:00:00
Woorden 2;2;0;1;0;1;ri;128;98747;1;1;HF;LR;0;0;5023.idfx;DE9C9F9E41566143;01/01/01 00:00:00
Woorden 2;2;0;1;0;1;ie;168;98875;1;1;HF;RL;0;0;5023.idfx;DE9C9F9E41566143;01/01/01 00:00:00
Woorden 2;2;0;1;0;1;be;112;99419;1;1;HF;Unknown;0;0;5023.idfx;DE9C9F9E41566143;01/01/01 00:00:00
Woorden 2;2;0;1;0;1;el;128;99531;1;1;HF;LR;0;0;5023.idfx;DE9C9F9E41566143;01/01/01 00:00:00
Woorden 2;2;0;1;0;1;la;72;99659;1;1;HF;RL;0;0;5023.idfx;DE9C9F9E41566143;01/01/01 00:00:00
Woorden 2;2;0;1;0;1;an;122;99731;1;1;HF;LR;0;0;5023.idfx;DE9C9F9E41566143;01/01/01 00:00:00
Woorden 2;2;0;1;0;1;ng;62;99853;1;1;HF;Unknown;0;0;5023.idfx;DE9C9F9E41566143;01/01/01 00:00:00
Woorden 2;2;0;1;0;1;gr;120;99915;1;1;HF;Unknown;0;0;5023.idfx;DE9C9F9E41566143;01/01/01 00:00:00
Woorden 2;2;0;1;0;1;ri;56;100035;1;1;HF;LR;0;0;5023.idfx;DE9C9F9E41566143;01/01/01 00:00:00
Woorden 2;2;0;1;0;1;ij;72;100091;1;1;HF;RR;1;0;5023.idfx;DE9C9F9E41566143;01/01/01 00:00:00
Woorden 2;2;0;1;0;1;jk;160;100163;1;1;HF;RR;1;0;5023.idfx;DE9C9F9E41566143;01/01/01 00:00:00
Woorden 2;2;0;1;0;1;ke;88;100323;1;1;HF;RL;0;0;5023.idfx;DE9C9F9E41566143;01/01/01 00:00:00
Woorden 2;2;0;1;0;1;ki;114;100650;1;1;HF;RR;1;0;5023.idfx;DE9C9F9E41566143;01/01/01 00:00:00
Woorden 2;2;0;1;0;1;in;304;100764;1;1;HF;RR;0;0;5023.idfx;DE9C9F9E41566143;01/01/01 00:00:00
Woorden 2;2;0;1;0;1;nd;79;101068;1;1;HF;RL;0;0;5023.idfx;DE9C9F9E41566143;01/01/01 00:00:00
Woorden 2;2;0;1;0;1;de;168;101147;1;1;HF;LL;1;0;5023.idfx;DE9C9F9E41566143;01/01/01 00:00:00
Woorden 2;2;0;1;0;1;er;128;101315;1;1;HF;LL;1;0;5023.idfx;DE9C9F9E41566143;01/01/01 00:00:00
Woorden 2;2;0;1;0;1;re;144;101443;1;1;HF;LL;1;0;5023.idfx;DE9C9F9E41566143;01/01/01 00:00:00
Woorden 2;2;0;1;0;1;en;24;101587;1;1;HF;LR;0;0;5023.idfx;DE9C9F9E41566143;01/01/01 00:00:00
Woorden 2;3;0;1;0;1;di;143;101836;0;1;HF;LR;0;0;5023.idfx;DE9C9F9E41566143;01/01/01 00:00:00
Woorden 2;3;0;1;0;1;ir;41;101979;0;1;Indeterminate;RL;0;0;5023.idfx;DE9C9F9E41566143;01/01/01 00:00:00
Woorden 2;3;0;1;0;1;rr;423;102020;0;1;Indeterminate;LL;0;1;5023.idfx;DE9C9F9E41566143;01/01/01 00:00:00
Woorden 2;3;0;1;0;1;ri;112;102443;1;1;HF;LR;0;0;5023.idfx;DE9C9F9E41566143;01/01/01 00:00:00
Woorden 2;3;0;1;0;1;ie;56;102555;1;1;HF;RL;0;0;5023.idfx;DE9C9F9E41566143;01/01/01 00:00:00
Woorden 2;3;0;1;0;1;be;79;102828;1;1;HF;Unknown;0;0;5023.idfx;DE9C9F9E41566143;01/01/01 00:00:00
Woorden 2;3;0;1;0;1;el;224;102907;1;1;HF;LR;0;0;5023.idfx;DE9C9F9E41566143;01/01/01 00:00:00
Woorden 2;3;0;1;0;1;la;32;103131;1;1;HF;RL;0;0;5023.idfx;DE9C9F9E41566143;01/01/01 00:00:00
Woorden 2;3;0;1;0;1;an;208;103163;1;1;HF;LR;0;0;5023.idfx;DE9C9F9E41566143;01/01/01 00:00:00
Woorden 2;3;0;1;0;1;ng;48;103371;1;1;HF;Unknown;0;0;5023.idfx;DE9C9F9E41566143;01/01/01 00:00:00
Woorden 2;3;0;1;0;1;gr;154;103419;1;1;HF;Unknown;0;0;5023.idfx;DE9C9F9E41566143;01/01/01 00:00:00
Woorden 2;3;0;1;0;1;ri;32;103573;1;1;HF;LR;0;0;5023.idfx;DE9C9F9E41566143;01/01/01 00:00:00
Woorden 2;3;0;1;0;1;ij;64;103605;1;1;HF;RR;1;0;5023.idfx;DE9C9F9E41566143;01/01/01 00:00:00
Woorden 2;3;0;1;0;1;jk;174;103669;1;1;HF;RR;1;0;5023.idfx;DE9C9F9E41566143;01/01/01 00:00:00
Woorden 2;3;0;1;0;1;ke;48;103843;1;1;HF;RL;0;0;5023.idfx;DE9C9F9E41566143;01/01/01 00:00:00
Woorden 2;3;0;1;0;1;ki;120;104083;1;1;HF;RR;1;0;5023.idfx;DE9C9F9E41566143;01/01/01 00:00:00
Woorden 2;3;0;1;0;1;in;144;104203;1;1;HF;RR;0;0;5023.idfx;DE9C9F9E41566143;01/01/01 00:00:00
Woorden 2;3;0;1;0;1;nd;57;104347;1;1;HF;RL;0;0;5023.idfx;DE9C9F9E41566143;01/01/01 00:00:00
Woorden 2;3;0;1;0;1;de;136;104404;1;1;HF;LL;1;0;5023.idfx;DE9C9F9E41566143;01/01/01 00:00:00
Woorden 2;3;0;1;0;1;er;135;104540;1;1;HF;LL;1;0;5023.idfx;DE9C9F9E41566143;01/01/01 00:00:00
Woorden 2;3;0;1;0;1;re;137;104675;1;1;HF;LL;1;0;5023.idfx;DE9C9F9E41566143;01/01/01 00:00:00
Woorden 2;3;0;1;0;1;en;31;104812;1;1;HF;LR;0;0;5023.idfx;DE9C9F9E41566143;01/01/01 00:00:00
Woorden 2;4;0;1;0;1;dr;161;105091;1;1;HF;LL;1;0;5023.idfx;DE9C9F9E41566143;01/01/01 00:00:00
Woorden 2;4;0;1;0;1;ri;120;105252;1;1;HF;LR;0;0;5023.idfx;DE9C9F9E41566143;01/01/01 00:00:00
Woorden 2;4;0;1;0;1;ie;79;105372;1;1;HF;RL;0;0;5023.idfx;DE9C9F9E41566143;01/01/01 00:00:00
Woorden 2;4;0;1;0;1;be;113;105651;1;1;HF;Unknown;0;0;5023.idfx;DE9C9F9E41566143;01/01/01 00:00:00
Woorden 2;4;0;1;0;1;el;135;105764;1;1;HF;LR;0;0;5023.idfx;DE9C9F9E41566143;01/01/01 00:00:00
Woorden 2;4;0;1;0;1;la;80;105899;1;1;HF;RL;0;0;5023.idfx;DE9C9F9E41566143;01/01/01 00:00:00
Woorden 2;4;0;1;0;1;an;120;105979;1;1;HF;LR;0;0;5023.idfx;DE9C9F9E41566143;01/01/01 00:00:00
Woorden 2;4;0;1;0;1;ng;64;106099;1;1;HF;Unknown;0;0;5023.idfx;DE9C9F9E41566143;01/01/01 00:00:00
Woorden 2;4;0;1;0;1;gr;120;106163;1;1;HF;Unknown;0;0;5023.idfx;DE9C9F9E41566143;01/01/01 00:00:00
Woorden 2;4;0;1;0;1;ri;64;106283;1;1;HF;LR;0;0;5023.idfx;DE9C9F9E41566143;01/01/01 00:00:00
Woorden 2;4;0;1;0;1;ij;72;106347;1;1;HF;RR;1;0;5023.idfx;DE9C9F9E41566143;01/01/01 00:00:00
Woorden 2;4;0;1;0;1;jk;136;106419;1;1;HF;RR;1;0;5023.idfx;DE9C9F9E41566143;01/01/01 00:00:00
Woorden 2;4;0;1;0;1;ke;57;106555;1;1;HF;RL;0;0;5023.idfx;DE9C9F9E41566143;01/01/01 00:00:00
Woorden 2;4;0;1;0;1;ki;136;106772;1;1;HF;RR;1;0;5023.idfx;DE9C9F9E41566143;01/01/01 00:00:00
Woorden 2;4;0;1;0;1;in;159;106908;1;1;HF;RR;0;0;5023.idfx;DE9C9F9E41566143;01/01/01 00:00:00
Woorden 2;4;0;1;0;1;nd;48;107067;1;1;HF;RL;0;0;5023.idfx;DE9C9F9E41566143;01/01/01 00:00:00
Woorden 2;4;0;1;0;1;de;152;107115;1;1;HF;LL;1;0;5023.idfx;DE9C9F9E41566143;01/01/01 00:00:00
Woorden 2;4;0;1;0;1;er;128;107267;1;1;HF;LL;1;0;5023.idfx;DE9C9F9E41566143;01/01/01 00:00:00
Woorden 2;4;0;1;0;1;re;130;107395;1;1;HF;LL;1;0;5023.idfx;DE9C9F9E41566143;01/01/01 00:00:00
Woorden 2;4;0;1;0;1;en;30;107525;1;1;HF;LR;0;0;5023.idfx;DE9C9F9E41566143;01/01/01 00:00:00
Woorden 2;5;0;1;0;1;dr;167;107764;1;1;HF;LL;1;0;5023.idfx;DE9C9F9E41566143;01/01/01 00:00:00
Woorden 2;5;0;1;0;1;ri;128;107931;1;1;HF;LR;0;0;5023.idfx;DE9C9F9E41566143;01/01/01 00:00:00
Woorden 2;5;0;1;0;1;ie;64;108059;1;1;HF;RL;0;0;5023.idfx;DE9C9F9E41566143;01/01/01 00:00:00
Woorden 2;5;0;1;0;1;eb;176;108123;0;1;HF;Unknown;0;0;5023.idfx;DE9C9F9E41566143;01/01/01 00:00:00
Woorden 2;5;0;1;0;1;be;89;108795;1;1;HF;Unknown;0;0;5023.idfx;DE9C9F9E41566143;01/01/01 00:00:00
Woorden 2;5;0;1;0;1;el;143;108884;1;1;HF;LR;0;0;5023.idfx;DE9C9F9E41566143;01/01/01 00:00:00
Woorden 2;5;0;1;0;1;la;82;109027;1;1;HF;RL;0;0;5023.idfx;DE9C9F9E41566143;01/01/01 00:00:00
Woorden 2;5;0;1;0;1;an;135;109109;1;1;HF;LR;0;0;5023.idfx;DE9C9F9E41566143;01/01/01 00:00:00
Woorden 2;5;0;1;0;1;ng;87;109244;1;1;HF;Unknown;0;0;5023.idfx;DE9C9F9E41566143;01/01/01 00:00:00
Woorden 2;5;0;1;0;1;gr;162;109331;1;1;HF;Unknown;0;0;5023.idfx;DE9C9F9E41566143;01/01/01 00:00:00
Woorden 2;5;0;1;0;1;ri;142;109493;1;1;HF;LR;0;0;5023.idfx;DE9C9F9E41566143;01/01/01 00:00:00
Woorden 2;5;0;1;0;1;ij;88;109635;1;1;HF;RR;1;0;5023.idfx;DE9C9F9E41566143;01/01/01 00:00:00
Woorden 2;5;0;1;0;1;jk;200;109723;1;1;HF;RR;1;0;5023.idfx;DE9C9F9E41566143;01/01/01 00:00:00
Woorden 2;5;0;1;0;1;ke;88;109923;1;1;HF;RL;0;0;5023.idfx;DE9C9F9E41566143;01/01/01 00:00:00
Woorden 2;5;0;1;0;1;ki;128;110211;1;1;HF;RR;1;0;5023.idfx;DE9C9F9E41566143;01/01/01 00:00:00
Woorden 2;5;0;1;0;1;in;144;110339;1;1;HF;RR;0;0;5023.idfx;DE9C9F9E41566143;01/01/01 00:00:00
Woorden 2;5;0;1;0;1;nd;56;110483;1;1;HF;RL;0;0;5023.idfx;DE9C9F9E41566143;01/01/01 00:00:00
Woorden 2;5;0;1;0;1;de;128;110539;1;1;HF;LL;1;0;5023.idfx;DE9C9F9E41566143;01/01/01 00:00:00
Woorden 2;5;0;1;0;1;er;152;110667;1;1;HF;LL;1;0;5023.idfx;DE9C9F9E41566143;01/01/01 00:00:00
Woorden 2;5;0;1;0;1;re;224;110819;1;1;HF;LL;1;0;5023.idfx;DE9C9F9E41566143;01/01/01 00:00:00
Woorden 2;5;0;1;0;1;en;32;111043;1;1;HF;LR;0;0;5023.idfx;DE9C9F9E41566143;01/01/01 00:00:00
Woorden 2;6;0;1;0;1;dr;344;111523;1;1;HF;LL;1;0;5023.idfx;DE9C9F9E41566143;01/01/01 00:00:00
Woorden 2;6;0;1;0;1;ri;144;111867;1;1;HF;LR;0;0;5023.idfx;DE9C9F9E41566143;01/01/01 00:00:00
Woorden 2;6;0;1;0;1;ie;80;112011;1;1;HF;RL;0;0;5023.idfx;DE9C9F9E41566143;01/01/01 00:00:00
Woorden 2;6;0;1;0;1;be;88;112259;1;1;HF;Unknown;0;0;5023.idfx;DE9C9F9E41566143;01/01/01 00:00:00
Woorden 2;6;0;1;0;1;el;128;112347;1;1;HF;LR;0;0;5023.idfx;DE9C9F9E41566143;01/01/01 00:00:00
Woorden 2;6;0;1;0;1;la;64;112475;1;1;HF;RL;0;0;5023.idfx;DE9C9F9E41566143;01/01/01 00:00:00
Woorden 2;6;0;1;0;1;an;120;112539;1;1;HF;LR;0;0;5023.idfx;DE9C9F9E41566143;01/01/01 00:00:00
Woorden 2;6;0;1;0;1;ng;56;112659;1;1;HF;Unknown;0;0;5023.idfx;DE9C9F9E41566143;01/01/01 00:00:00
Woorden 2;6;0;1;0;1;gr;113;112715;1;1;HF;Unknown;0;0;5023.idfx;DE9C9F9E41566143;01/01/01 00:00:00
Woorden 2;6;0;1;0;1;ri;71;112828;1;1;HF;LR;0;0;5023.idfx;DE9C9F9E41566143;01/01/01 00:00:00
Woorden 2;6;0;1;0;1;ij;57;112899;1;1;HF;RR;1;0;5023.idfx;DE9C9F9E41566143;01/01/01 00:00:00
Woorden 2;6;0;1;0;1;jk;167;112956;1;1;HF;RR;1;0;5023.idfx;DE9C9F9E41566143;01/01/01 00:00:00
Woorden 2;6;0;1;0;1;ke;80;113123;1;1;HF;RL;0;0;5023.idfx;DE9C9F9E41566143;01/01/01 00:00:00
Woorden 2;6;0;1;0;1;ki;433;113347;1;1;HF;RR;1;0;5023.idfx;DE9C9F9E41566143;01/01/01 00:00:00
Woorden 2;6;0;1;0;1;in;255;113780;1;1;HF;RR;0;0;5023.idfx;DE9C9F9E41566143;01/01/01 00:00:00
Woorden 2;6;0;1;0;1;nd;72;114035;1;1;HF;RL;0;0;5023.idfx;DE9C9F9E41566143;01/01/01 00:00:00
Woorden 2;6;0;1;0;1;de;136;114107;1;1;HF;LL;1;0;5023.idfx;DE9C9F9E41566143;01/01/01 00:00:00
Woorden 2;6;0;1;0;1;er;128;114243;1;1;HF;LL;1;0;5023.idfx;DE9C9F9E41566143;01/01/01 00:00:00
Woorden 2;6;0;1;0;1;re;152;114371;1;1;HF;LL;1;0;5023.idfx;DE9C9F9E41566143;01/01/01 00:00:00
Woorden 2;6;0;1;0;1;en;32;114523;1;1;HF;LR;0;0;5023.idfx;DE9C9F9E41566143;01/01/01 00:00:00
Woorden 2;7;0;1;0;1;dr;152;114803;1;1;HF;LL;1;0;5023.idfx;DE9C9F9E41566143;01/01/01 00:00:00
Woorden 2;7;0;1;0;1;ri;112;114955;1;1;HF;LR;0;0;5023.idfx;DE9C9F9E41566143;01/01/01 00:00:00
Woorden 2;7;0;1;0;1;ie;101;115067;1;1;HF;RL;0;0;5023.idfx;DE9C9F9E41566143;01/01/01 00:00:00
Woorden 2;7;0;1;0;1;be;120;115387;1;1;HF;Unknown;0;0;5023.idfx;DE9C9F9E41566143;01/01/01 00:00:00
Woorden 2;7;0;1;0;1;el;168;115507;1;1;HF;LR;0;0;5023.idfx;DE9C9F9E41566143;01/01/01 00:00:00
Woorden 2;7;0;1;0;1;la;73;115675;1;1;HF;RL;0;0;5023.idfx;DE9C9F9E41566143;01/01/01 00:00:00
Woorden 2;7;0;1;0;1;an;119;115748;1;1;HF;LR;0;0;5023.idfx;DE9C9F9E41566143;01/01/01 00:00:00
Woorden 2;7;0;1;0;1;ng;56;115867;1;1;HF;Unknown;0;0;5023.idfx;DE9C9F9E41566143;01/01/01 00:00:00
Woorden 2;7;0;1;0;1;ge;168;115923;0;1;HF;Unknown;0;0;5023.idfx;DE9C9F9E41566143;01/01/01 00:00:00
Woorden 2;7;0;1;0;1;er;432;116091;1;1;HF;LL;1;0;5023.idfx;DE9C9F9E41566143;01/01/01 00:00:00
Woorden 2;7;0;1;0;1;ri;136;116523;1;1;HF;LR;0;0;5023.idfx;DE9C9F9E41566143;01/01/01 00:00:00
Woorden 2;7;0;1;0;1;ij;96;116659;1;1;HF;RR;1;0;5023.idfx;DE9C9F9E41566143;01/01/01 00:00:00
Woorden 2;7;0;1;0;1;jk;176;116755;1;1;HF;RR;1;0;5023.idfx;DE9C9F9E41566143;01/01/01 00:00:00
Woorden 2;7;0;1;0;1;ke;72;116931;1;0;HF;RL;0;0;5023.idfx;DE9C9F9E41566143;01/01/01 00:00:00
Woorden 2;7;0;1;0;1;dk;32;117203;0;0;Indeterminate;LR;0;0;5023.idfx;DE9C9F9E41566143;01/01/01 00:00:00
Woorden 2;7;0;1;0;1;ki;152;117235;1;0;HF;RR;1;0;5023.idfx;DE9C9F9E41566143;01/01/01 00:00:00
Woorden 2;7;0;1;0;1;in;146;117387;1;0;HF;RR;0;0;5023.idfx;DE9C9F9E41566143;01/01/01 00:00:00
Woorden 2;7;0;1;0;1;nk;846;117533;0;0;HF;RR;0;0;5023.idfx;DE9C9F9E41566143;01/01/01 00:00:00
Woorden 2;7;0;1;0;1;ki;160;118379;1;0;HF;RR;1;0;5023.idfx;DE9C9F9E41566143;01/01/01 00:00:00
Woorden 2;7;0;1;0;1;in;152;118539;1;0;HF;RR;0;0;5023.idfx;DE9C9F9E41566143;01/01/01 00:00:00
Woorden 2;7;0;1;0;1;nd;56;118691;1;0;HF;RL;0;0;5023.idfx;DE9C9F9E41566143;01/01/01 00:00:00
Woorden 2;7;0;1;0;1;de;121;118747;1;0;HF;LL;1;0;5023.idfx;DE9C9F9E41566143;01/01/01 00:00:00
Woorden 2;7;0;1;0;1;er;135;118868;1;0;HF;LL;1;0;5023.idfx;DE9C9F9E41566143;01/01/01 00:00:00
Woorden 2;7;0;1;0;1;re;144;119003;1;0;HF;LL;1;0;5023.idfx;DE9C9F9E41566143;01/01/01 00:00:00
Woorden 2;7;0;1;0;1;en;48;119147;1;0;HF;LR;0;0;5023.idfx;DE9C9F9E41566143;01/01/01 00:00:00
Woorden 3;1;0;1;0;1;vi;150;121357;1;0;HF;LR;0;0;5023.idfx;DE9C9F9E41566143;01/01/01 00:00:00
Woorden 3;1;0;1;0;1;ie;64;121507;1;0;HF;RL;0;0;5023.idfx;DE9C9F9E41566143;01/01/01 00:00:00
Woorden 3;1;0;1;0;1;er;136;121571;1;0;HF;LL;1;0;5023.idfx;DE9C9F9E41566143;01/01/01 00:00:00
Woorden 3;1;0;1;0;1;ud;113;121875;0;0;HF;RL;0;0;5023.idfx;DE9C9F9E41566143;01/01/01 00:00:00
Woorden 3;1;0;1;0;1;dd;447;121988;0;0;Indeterminate;LL;0;1;5023.idfx;DE9C9F9E41566143;01/01/01 00:00:00
Woorden 3;1;0;1;0;1;du;80;122435;1;0;HF;LR;0;0;5023.idfx;DE9C9F9E41566143;01/01/01 00:00:00
Woorden 3;1;0;1;0;1;ui;144;122515;1;0;HF;RR;1;0;5023.idfx;DE9C9F9E41566143;01/01/01 00:00:00
Woorden 3;1;0;1;0;1;id;48;122659;1;0;HF;RL;0;0;5023.idfx;DE9C9F9E41566143;01/01/01 00:00:00
Woorden 3;1;0;1;0;1;de;121;122707;1;0;HF;LL;1;0;5023.idfx;DE9C9F9E41566143;01/01/01 00:00:00
Woorden 3;1;0;1;0;1;el;71;122828;1;0;HF;LR;0;0;5023.idfx;DE9C9F9E41566143;01/01/01 00:00:00
Woorden 3;1;0;1;0;1;li;145;122899;1;0;HF;RR;1;0;5023.idfx;DE9C9F9E41566143;01/01/01 00:00:00
Woorden 3;1;0;1;0;1;ij;87;123044;1;0;HF;RR;1;0;5023.idfx;DE9C9F9E41566143;01/01/01 00:00:00
Woorden 3;1;0;1;0;1;jk;160;123131;1;0;HF;RR;1;0;5023.idfx;DE9C9F9E41566143;01/01/01 00:00:00
Woorden 3;1;0;1;0;1;ke;56;123291;1;0;HF;RL;0;0;5023.idfx;DE9C9F9E41566143;01/01/01 00:00:00
Woorden 3;1;0;1;0;1;ma;88;123539;1;0;HF;RL;0;0;5023.idfx;DE9C9F9E41566143;01/01/01 00:00:00
Woorden 3;1;0;1;0;1;an;312;123627;1;0;HF;LR;0;0;5023.idfx;DE9C9F9E41566143;01/01/01 00:00:00
Woorden 3;1;0;1;0;1;ni;208;123939;1;1;HF;RR;0;0;5023.idfx;DE9C9F9E41566143;01/01/01 00:00:00
Woorden 3;1;0;1;0;1;ie;88;124147;1;1;HF;RL;0;0;5023.idfx;DE9C9F9E41566143;01/01/01 00:00:00
Woorden 3;1;0;1;0;1;er;129;124235;1;1;HF;LL;1;0;5023.idfx;DE9C9F9E41566143;01/01/01 00:00:00
Woorden 3;1;0;1;0;1;re;160;124364;1;1;HF;LL;1;0;5023.idfx;DE9C9F9E41566143;01/01/01 00:00:00
Woorden 3;1;0;1;0;1;en;63;124524;1;1;HF;LR;0;0;5023.idfx;DE9C9F9E41566143;01/01/01 00:00:00
Woorden 3;2;0;1;0;1;vi;136;124859;1;1;HF;LR;0;0;5023.idfx;DE9C9F9E41566143;01/01/01 00:00:00
Woorden 3;2;0;1;0;1;ie;56;124995;1;1;HF;RL;0;0;5023.idfx;DE9C9F9E41566143;01/01/01 00:00:00
Woorden 3;2;0;1;0;1;er;128;125051;1;1;HF;LL;1;0;5023.idfx;DE9C9F9E41566143;01/01/01 00:00:00
Woorden 3;2;0;1;0;1;du;64;125387;1;1;HF;LR;0;0;5023.idfx;DE9C9F9E41566143;01/01/01 00:00:00
Woorden 3;2;0;1;0;1;ui;120;125451;1;1;HF;RR;1;0;5023.idfx;DE9C9F9E41566143;01/01/01 00:00:00
Woorden 3;2;0;1;0;1;id;48;125571;1;1;HF;RL;0;0;5023.idfx;DE9C9F9E41566143;01/01/01 00:00:00
Woorden 3;2;0;1;0;1;de;128;125619;1;1;HF;LL;1;0;5023.idfx;DE9C9F9E41566143;01/01/01 00:00:00
Woorden 3;2;0;1;0;1;el;48;125747;1;1;HF;LR;0;0;5023.idfx;DE9C9F9E41566143;01/01/01 00:00:00
Woorden 3;2;0;1;0;1;li;162;125795;1;1;HF;RR;1;0;5023.idfx;DE9C9F9E41566143;01/01/01 00:00:00
Woorden 3;2;0;1;0;1;ij;94;125957;1;1;HF;RR;1;0;5023.idfx;DE9C9F9E41566143;01/01/01 00:00:00
Woorden 3;2;0;1;0;1;jk;168;126051;1;1;HF;RR;1;0;5023.idfx;DE9C9F9E41566143;01/01/01 00:00:00
Woorden 3;2;0;1;0;1;ke;56;126219;1;1;HF;RL;0;0;5023.idfx;DE9C9F9E41566143;01/01/01 00:00:00
Woorden 3;2;0;1;0;1;ma;120;126459;1;1;HF;RL;0;0;5023.idfx;DE9C9F9E41566143;01/01/01 00:00:00
Woorden 3;2;0;1;0;1;an;96;126579;1;1;HF;LR;0;0;5023.idfx;DE9C9F9E41566143;01/01/01 00:00:00
Woorden 3;2;0;1;0;1;ni;160;126675;1;1;HF;RR;0;0;5023.idfx;DE9C9F9E41566143;01/01/01 00:00:00
Woorden 3;2;0;1;0;1;ie;80;126835;1;1;HF;RL;0;0;5023.idfx;DE9C9F9E41566143;01/01/01 00:00:00
Woorden 3;2;0;1;0;1;er;104;126915;1;1;HF;LL;1;0;5023.idfx;DE9C9F9E41566143;01/01/01 00:00:00
Woorden 3;2;0;1;0;1;re;160;127019;1;1;HF;LL;1;0;5023.idfx;DE9C9F9E41566143;01/01/01 00:00:00
Woorden 3;2;0;1;0;1;en;32;127179;1;1;HF;LR;0;0;5023.idfx;DE9C9F9E41566143;01/01/01 00:00:00
Woorden 3;3;0;1;0;1;vi;152;127451;1;1;HF;LR;0;0;5023.idfx;DE9C9F9E41566143;01/01/01 00:00:00
Woorden 3;3;0;1;0;1;ie;48;127603;1;1;HF;RL;0;0;5023.idfx;DE9C9F9E41566143;01/01/01 00:00:00
Woorden 3;3;0;1;0;1;er;136;127651;1;1;HF;LL;1;0;5023.idfx;DE9C9F9E41566143;01/01/01 00:00:00
Woorden 3;3;0;1;0;1;du;88;127995;1;1;HF;LR;0;0;5023.idfx;DE9C9F9E41566143;01/01/01 00:00:00
Woorden 3;3;0;1;0;1;ui;136;128083;1;1;HF;RR;1;0;5023.idfx;DE9C9F9E41566143;01/01/01 00:00:00
Woorden 3;3;0;1;0;1;id;41;128219;1;1;HF;RL;0;0;5023.idfx;DE9C9F9E41566143;01/01/01 00:00:00
Woorden 3;3;0;1;0;1;de;143;128260;1;1;HF;LL;1;0;5023.idfx;DE9C9F9E41566143;01/01/01 00:00:00
Woorden 3;3;0;1;0;1;el;49;128403;1;1;HF;LR;0;0;5023.idfx;DE9C9F9E41566143;01/01/01 00:00:00
Woorden 3;3;0;1;0;1;li;135;128452;1;1;HF;RR;1;0;5023.idfx;DE9C9F9E41566143;01/01/01 00:00:00
Woorden 3;3;0;1;0;1;ij;80;128587;1;1;HF;RR;1;0;5023.idfx;DE9C9F9E41566143;01/01/01 00:00:00
Woorden 3;3;0;1;0;1;jk;176;128667;1;1;HF;RR;1;0;5023.idfx;DE9C9F9E41566143;01/01/01 00:00:00
Woorden 3;3;0;1;0;1;ke;56;128843;1;1;HF;RL;0;0;5023.idfx;DE9C9F9E41566143;01/01/01 00:00:00
Woorden 3;3;0;1;0;1;ma;103;129092;1;1;HF;RL;0;0;5023.idfx;DE9C9F9E41566143;01/01/01 00:00:00
Woorden 3;3;0;1;0;1;an;112;129195;1;1;HF;LR;0;0;5023.idfx;DE9C9F9E41566143;01/01/01 00:00:00
Woorden 3;3;0;1;0;1;ni;128;129307;1;1;HF;RR;0;0;5023.idfx;DE9C9F9E41566143;01/01/01 00:00:00
Woorden 3;3;0;1;0;1;ie;72;129435;1;1;HF;RL;0;0;5023.idfx;DE9C9F9E41566143;01/01/01 00:00:00
Woorden 3;3;0;1;0;1;er;112;129507;1;1;HF;LL;1;0;5023.idfx;DE9C9F9E41566143;01/01/01 00:00:00
Woorden 3;3;0;1;0;1;re;176;129619;1;1;HF;LL;1;0;5023.idfx;DE9C9F9E41566143;01/01/01 00:00:00
Woorden 3;3;0;1;0;1;en;72;129795;1;1;HF;LR;0;0;5023.idfx;DE9C9F9E41566143;01/01/01 00:00:00
Woorden 3;4;0;1;0;1;vi;152;130091;1;1;HF;LR;0;0;5023.idfx;DE9C9F9E41566143;01/01/01 00:00:00
Woorden 3;4;0;1;0;1;ie;56;130243;1;1;HF;RL;0;0;5023.idfx;DE9C9F9E41566143;01/01/01 00:00:00
Woorden 3;4;0;1;0;1;er;129;130299;1;1;HF;LL;1;0;5023.idfx;DE9C9F9E41566143;01/01/01 00:00:00
Woorden 3;4;0;1;0;1;du;23;130628;1;1;HF;LR;0;0;5023.idfx;DE9C9F9E41566143;01/01/01 00:00:00
Woorden 3;4;0;1;0;1;ui;144;130651;1;1;HF;RR;1;0;5023.idfx;DE9C9F9E41566143;01/01/01 00:00:00
Woorden 3;4;0;1;0;1;id;49;130795;1;1;HF;RL;0;0;5023.idfx;DE9C9F9E41566143;01/01/01 00:00:00
Woorden 3;4;0;1;0;1;de;135;130844;1;1;HF;LL;1;0;5023.idfx;DE9C9F9E41566143;01/01/01 00:00:00
Woorden 3;4;0;1;0;1;el;40;130979;1;1;HF;LR;0;0;5023.idfx;DE9C9F9E41566143;01/01/01 00:00:00
Woorden 3;4;0;1;0;1;li;160;131019;1;1;HF;RR;1;0;5023.idfx;DE9C9F9E41566143;01/01/01 00:00:00
Woorden 3;4;0;1;0;1;ij;88;131179;1;1;HF;RR;1;0;5023.idfx;DE9C9F9E41566143;01/01/01 00:00:00
Woorden 3;4;0;1;0;1;jk;162;131267;1;1;HF;RR;1;0;5023.idfx;DE9C9F9E41566143;01/01/01 00:00:00
Woorden 3;4;0;1;0;1;ke;78;131429;1;1;HF;RL;0;0;5023.idfx;DE9C9F9E41566143;01/01/01 00:00:00
Woorden 3;4;0;1;0;1;am;72;131756;0;1;HF;LR;0;0;5023.idfx;DE9C9F9E41566143;01/01/01 00:00:00
Woorden 3;4;0;1;0;1;mn;223;131828;0;1;LF;RR;0;0;5023.idfx;DE9C9F9E41566143;01/01/01 00:00:00
Woorden 3;4;0;1;0;1;nm;1040;132051;0;1;Indeterminate;RR;0;0;5023.idfx;DE9C9F9E41566143;01/01/01 00:00:00
Woorden 3;4;0;1;0;1;ma;104;133091;1;1;HF;RL;0;0;5023.idfx;DE9C9F9E41566143;01/01/01 00:00:00
Woorden 3;4;0;1;0;1;an;120;133195;1;1;HF;LR;0;0;5023.idfx;DE9C9F9E41566143;01/01/01 00:00:00
Woorden 3;4;0;1;0;1;ni;128;133315;1;1;HF;RR;0;0;5023.idfx;DE9C9F9E41566143;01/01/01 00:00:00
Woorden 3;4;0;1;0;1;ir;168;133443;0;1;Indeterminate;RL;0;0;5023.idfx;DE9C9F9E41566143;01/01/01 00:00:00
Woorden 3;4;0;1;0;1;re;392;133611;1;1;HF;LL;1;0;5023.idfx;DE9C9F9E41566143;01/01/01 00:00:00
Woorden 3;4;0;1;0;1;er;128;134003;1;1;HF;LL;1;0;5023.idfx;DE9C9F9E41566143;01/01/01 00:00:00
Woorden 3;4;0;1;0;1;re;169;134131;1;1;HF;LL;1;0;5023.idfx;DE9C9F9E41566143;01/01/01 00:00:00
Woorden 3;4;0;1;0;1;en;39;134300;1;1;HF;LR;0;0;5023.idfx;DE9C9F9E41566143;01/01/01 00:00:00
Woorden 3;5;0;1;0;1;dv;304;134651;0;1;Indeterminate;LL;0;0;5023.idfx;DE9C9F9E41566143;01/01/01 00:00:00
Woorden 3;5;0;1;0;1;vi;96;134955;1;1;HF;LR;0;0;5023.idfx;DE9C9F9E41566143;01/01/01 00:00:00
Woorden 3;5;0;1;0;1;ie;104;135051;1;1;HF;RL;0;0;5023.idfx;DE9C9F9E41566143;01/01/01 00:00:00
Woorden 3;5;0;1;0;1;er;120;135155;1;1;HF;LL;1;0;5023.idfx;DE9C9F9E41566143;01/01/01 00:00:00
Woorden 3;5;0;1;0;1;du;48;135516;1;1;HF;LR;0;0;5023.idfx;DE9C9F9E41566143;01/01/01 00:00:00
Woorden 3;5;0;1;0;1;ui;143;135564;1;1;HF;RR;1;0;5023.idfx;DE9C9F9E41566143;01/01/01 00:00:00
Woorden 3;5;0;1;0;1;id;64;135707;1;1;HF;RL;0;0;5023.idfx;DE9C9F9E41566143;01/01/01 00:00:00
Woorden 3;5;0;1;0;1;de;128;135771;1;1;HF;LL;1;0;5023.idfx;DE9C9F9E41566143;01/01/01 00:00:00
Woorden 3;5;0;1;0;1;el;73;135899;1;1;HF;LR;0;0;5023.idfx;DE9C9F9E41566143;01/01/01 00:00:00
Woorden 3;5;0;1;0;1;li;167;135972;1;1;HF;RR;1;0;5023.idfx;DE9C9F9E41566143;01/01/01 00:00:00
Woorden 3;5;0;1;0;1;ik;248;136139;0;1;HF;RR;1;0;5023.idfx;DE9C9F9E41566143;01/01/01 00:00:00
Woorden 3;5;0;1;0;1;kj;440;136387;0;1;LF;RR;1;0;5023.idfx;DE9C9F9E41566143;01/01/01 00:00:00
Woorden 3;5;0;1;0;1;jk;168;136827;1;1;HF;RR;1;0;5023.idfx;DE9C9F9E41566143;01/01/01 00:00:00
Woorden 3;5;0;1;0;1;ke;48;136995;1;1;HF;RL;0;0;5023.idfx;DE9C9F9E41566143;01/01/01 00:00:00
Woorden 3;5;0;1;0;1;ma;104;137235;1;1;HF;RL;0;0;5023.idfx;DE9C9F9E41566143;01/01/01 00:00:00
Woorden 3;5;0;1;0;1;an;96;137339;1;1;HF;LR;0;0;5023.idfx;DE9C9F9E41566143;01/01/01 00:00:00
Woorden 3;5;0;1;0;1;ni;112;137435;1;1;HF;RR;0;0;5023.idfx;DE9C9F9E41566143;01/01/01 00:00:00
Woorden 3;5;0;1;0;1;ie;104;137547;1;1;HF;RL;0;0;5023.idfx;DE9C9F9E41566143;01/01/01 00:00:00
Woorden 3;5;0;1;0;1;er;144;137651;1;1;HF;LL;1;0;5023.idfx;DE9C9F9E41566143;01/01/01 00:00:00
Woorden 3;5;0;1;0;1;re;160;137795;1;1;HF;LL;1;0;5023.idfx;DE9C9F9E41566143;01/01/01 00:00:00
Woorden 3;5;0;1;0;1;en;64;137955;1;1;HF;LR;0;0;5023.idfx;DE9C9F9E41566143;01/01/01 00:00:00
Woorden 3;6;0;1;0;1;vi;104;138347;1;1;HF;LR;0;0;5023.idfx;DE9C9F9E41566143;01/01/01 00:00:00
Woorden 3;6;0;1;0;1;ie;73;138451;1;1;HF;RL;0;0;5023.idfx;DE9C9F9E41566143;01/01/01 00:00:00
Woorden 3;6;0;1;0;1;er;143;138524;1;1;HF;LL;1;0;5023.idfx;DE9C9F9E41566143;01/01/01 00:00:00
Woorden 3;6;0;1;0;1;du;63;138901;1;1;HF;LR;0;0;5023.idfx;DE9C9F9E41566143;01/01/01 00:00:00
Woorden 3;6;0;1;0;1;ui;127;138964;1;1;HF;RR;1;0;5023.idfx;DE9C9F9E41566143;01/01/01 00:00:00
Woorden 3;6;0;1;0;1;id;48;139091;1;1;HF;RL;0;0;5023.idfx;DE9C9F9E41566143;01/01/01 00:00:00
Woorden 3;6;0;1;0;1;de;129;139139;1;1;HF;LL;1;0;5023.idfx;DE9C9F9E41566143;01/01/01 00:00:00
Woorden 3;6;0;1;0;1;el;79;139268;1;1;HF;LR;0;0;5023.idfx;DE9C9F9E41566143;01/01/01 00:00:00
Woorden 3;6;0;1;0;1;li;152;139347;1;1;HF;RR;1;0;5023.idfx;DE9C9F9E41566143;01/01/01 00:00:00
Woorden 3;6;0;1;0;1;ij;80;139499;1;1;HF;RR;1;0;5023.idfx;DE9C9F9E41566143;01/01/01 00:00:00
Woorden 3;6;0;1;0;1;jk;192;139579;1;1;HF;RR;1;0;5023.idfx;DE9C9F9E41566143;01/01/01 00:00:00
Woorden 3;6;0;1;0;1;ke;96;139771;1;1;HF;RL;0;0;5023.idfx;DE9C9F9E41566143;01/01/01 00:00:00
Woorden 3;6;0;1;0;1;ma;111;140108;1;1;HF;RL;0;0;5023.idfx;DE9C9F9E41566143;01/01/01 00:00:00
Woorden 3;6;0;1;0;1;an;105;140219;1;1;HF;LR;0;0;5023.idfx;DE9C9F9E41566143;01/01/01 00:00:00
Woorden 3;6;0;1;0;1;ni;129;140324;1;1;HF;RR;0;0;5023.idfx;DE9C9F9E41566143;01/01/01 00:00:00
Woorden 3;6;0;1;0;1;ie;62;140453;1;1;HF;RL;0;0;5023.idfx;DE9C9F9E41566143;01/01/01 00:00:00
Woorden 3;6;0;1;0;1;er;112;140515;1;1;HF;LL;1;0;5023.idfx;DE9C9F9E41566143;01/01/01 00:00:00
Woorden 3;6;0;1;0;1;re;160;140627;1;1;HF;LL;1;0;5023.idfx;DE9C9F9E41566143;01/01/01 00:00:00
Woorden 3;6;0;1;0;1;en;49;140787;1;1;HF;LR;0;0;5023.idfx;DE9C9F9E41566143;01/01/01 00:00:00
Woorden 3;7;0;1;0;1;vi;96;141131;1;1;HF;LR;0;0;5023.idfx;DE9C9F9E41566143;01/01/01 00:00:00
Woorden 3;7;0;1;0;1;ie;112;141227;1;1;HF;RL;0;0;5023.idfx;DE9C9F9E41566143;01/01/01 00:00:00
Woorden 3;7;0;1;0;1;er;120;141339;1;1;HF;LL;1;0;5023.idfx;DE9C9F9E41566143;01/01/01 00:00:00
Woorden 3;7;0;1;0;1;du;80;141779;1;1;HF;LR;0;0;5023.idfx;DE9C9F9E41566143;01/01/01 00:00:00
Woorden 3;7;0;1;0;1;ui;192;141859;1;1;HF;RR;1;0;5023.idfx;DE9C9F9E41566143;01/01/01 00:00:00
Woorden 3;7;0;1;0;1;id;72;142051;1;1;HF;RL;0;0;5023.idfx;DE9C9F9E41566143;01/01/01 00:00:00
Woorden 3;7;0;1;0;1;de;128;142123;1;1;HF;LL;1;0;5023.idfx;DE9C9F9E41566143;01/01/01 00:00:00
Woorden 3;7;0;1;0;1;el;56;142251;1;1;HF;LR;0;0;5023.idfx;DE9C9F9E41566143;01/01/01 00:00:00
Woorden 3;7;0;1;0;1;li;144;142307;1;0;HF;RR;1;0;5023.idfx;DE9C9F9E41566143;01/01/01 00:00:00
Woorden 3;7;0;1;0;1;ij;80;142451;1;0;HF;RR;1;0;5023.idfx;DE9C9F9E41566143;01/01/01 00:00:00
Woorden 3;7;0;1;0;1;jk;160;142531;1;0;HF;RR;1;0;5023.idfx;DE9C9F9E41566143;01/01/01 00:00:00
Woorden 3;7;0;1;0;1;ke;80;142691;1;0;HF;RL;0;0;5023.idfx;DE9C9F9E41566143;01/01/01 00:00:00
Woorden 3;7;0;1;0;1;ma;89;142947;1;0;HF;RL;0;0;5023.idfx;DE9C9F9E41566143;01/01/01 00:00:00
Woorden 3;7;0;1;0;1;an;111;143036;1;0;HF;LR;0;0;5023.idfx;DE9C9F9E41566143;01/01/01 00:00:00
Woorden 3;7;0;1;0;1;ni;128;143147;1;0;HF;RR;0;0;5023.idfx;DE9C9F9E41566143;01/01/01 00:00:00
Woorden 3;7;0;1;0;1;ie;80;143275;1;0;HF;RL;0;0;5023.idfx;DE9C9F9E41566143;01/01/01 00:00:00
Woorden 3;7;0;1;0;1;er;120;143355;1;0;HF;LL;1;0;5023.idfx;DE9C9F9E41566143;01/01/01 00:00:00
Woorden 3;7;0;1;0;1;rr;82;143475;0;0;Indeterminate;LL;0;1;5023.idfx;DE9C9F9E41566143;01/01/01 00:00:00
Woorden 3;7;0;1;0;1;re;230;143557;1;0;HF;LL;1;0;5023.idfx;DE9C9F9E41566143;01/01/01 00:00:00
Woorden 3;7;0;1;0;1;en;88;143787;1;0;HF;LR;0;0;5023.idfx;DE9C9F9E41566143;01/01/01 00:00:00
Woorden 3;7;0;1;0;1;ne;536;143875;0;0;HF;RL;0;0;5023.idfx;DE9C9F9E41566143;01/01/01 00:00:00
Woorden 3;7;0;1;0;1;en;184;144411;1;0;HF;LR;0;0;5023.idfx;DE9C9F9E41566143;01/01/01 00:00:00
Woorden 4;1;0;0;0;1;ee;144;146717;1;0;HF;LL;0;1;5023.idfx;DE9C9F9E41566143;01/01/01 00:00:00
Woorden 4;1;0;0;0;1;en;166;146861;1;0;HF;LR;0;0;5023.idfx;DE9C9F9E41566143;01/01/01 00:00:00
Woorden 4;1;0;0;0;1;ch;128;147243;1;0;HF;Unknown;0;0;5023.idfx;DE9C9F9E41566143;01/01/01 00:00:00
Woorden 4;1;0;0;0;1;ha;88;147371;1;0;HF;Unknown;0;0;5023.idfx;DE9C9F9E41566143;01/01/01 00:00:00
Woorden 4;1;0;0;0;1;ao;328;147459;1;0;LF;LR;0;0;5023.idfx;DE9C9F9E41566143;01/01/01 00:00:00
Woorden 4;1;0;0;0;1;ot;160;147787;1;0;HF;Unknown;0;0;5023.idfx;DE9C9F9E41566143;01/01/01 00:00:00
Woorden 4;1;0;0;0;1;ti;112;147947;1;0;HF;Unknown;0;0;5023.idfx;DE9C9F9E41566143;01/01/01 00:00:00
Woorden 4;1;0;0;0;1;is;72;148059;1;0;HF;RL;0;0;5023.idfx;DE9C9F9E41566143;01/01/01 00:00:00
Woorden 4;1;0;0;0;1;sc;112;148131;1;0;HF;LL;0;0;5023.idfx;DE9C9F9E41566143;01/01/01 00:00:00
Woorden 4;1;0;0;0;1;ch;88;148243;1;0;HF;Unknown;0;0;5023.idfx;DE9C9F9E41566143;01/01/01 00:00:00
Woorden 4;1;0;0;0;1;he;80;148331;1;0;HF;Unknown;0;0;5023.idfx;DE9C9F9E41566143;01/01/01 00:00:00
Woorden 4;1;0;0;0;1;co;120;148652;1;0;HF;LR;0;0;5023.idfx;DE9C9F9E41566143;01/01/01 00:00:00
Woorden 4;1;0;0;0;1;ow;151;148772;1;0;LF;RL;0;0;5023.idfx;DE9C9F9E41566143;01/01/01 00:00:00
Woorden 4;1;0;0;0;1;wb;112;148923;1;0;LF;Unknown;0;0;5023.idfx;DE9C9F9E41566143;01/01/01 00:00:00
Woorden 4;1;0;0;0;1;bo;200;149035;1;0;HF;Unknown;0;0;5023.idfx;DE9C9F9E41566143;01/01/01 00:00:00
Woorden 4;1;0;0;0;1;oy;57;149235;1;0;LF;Unknown;0;0;5023.idfx;DE9C9F9E41566143;01/01/01 00:00:00
Woorden 4;2;0;0;0;1;ee;170;149699;1;1;HF;LL;0;1;5023.idfx;DE9C9F9E41566143;01/01/01 00:00:00
Woorden 4;2;0;0;0;1;en;54;149869;1;1;HF;LR;0;0;5023.idfx;DE9C9F9E41566143;01/01/01 00:00:00
Woorden 4;2;0;0;0;1;ch;88;150147;1;1;HF;Unknown;0;0;5023.idfx;DE9C9F9E41566143;01/01/01 00:00:00
Woorden 4;2;0;0;0;1;ha;56;150235;1;1;HF;Unknown;0;0;5023.idfx;DE9C9F9E41566143;01/01/01 00:00:00
Woorden 4;2;0;0;0;1;at;160;150291;0;1;HF;Unknown;0;0;5023.idfx;DE9C9F9E41566143;01/01/01 00:00:00
Woorden 4;2;0;0;0;1;to;96;150451;0;1;HF;Unknown;0;0;5023.idfx;DE9C9F9E41566143;01/01/01 00:00:00
Woorden 4;2;0;0;0;1;os;161;150547;0;1;HF;RL;0;0;5023.idfx;DE9C9F9E41566143;01/01/01 00:00:00
Woorden 4;2;0;0;0;1;si;103;150708;0;1;HF;LR;0;0;5023.idfx;DE9C9F9E41566143;01/01/01 00:00:00
Woorden 4;2;0;0;0;1;io;1120;150811;0;1;HF;RR;1;0;5023.idfx;DE9C9F9E41566143;01/01/01 00:00:00
Woorden 4;2;0;0;0;1;ot;152;151931;1;1;HF;Unknown;0;0;5023.idfx;DE9C9F9E41566143;01/01/01 00:00:00
Woorden 4;2;0;0;0;1;ti;152;152083;1;1;HF;Unknown;0;0;5023.idfx;DE9C9F9E41566143;01/01/01 00:00:00
Woorden 4;2;0;0;0;1;is;120;152235;1;1;HF;RL;0;0;5023.idfx;DE9C9F9E41566143;01/01/01 00:00:00
Woorden 4;2;0;0;0;1;sc;152;152355;1;1;HF;LL;0;0;5023.idfx;DE9C9F9E41566143;01/01/01 00:00:00
Woorden 4;2;0;0;0;1;ch;72;152507;1;1;HF;Unknown;0;0;5023.idfx;DE9C9F9E41566143;01/01/01 00:00:00
Woorden 4;2;0;0;0;1;he;120;152579;1;1;HF;Unknown;0;0;5023.idfx;DE9C9F9E41566143;01/01/01 00:00:00
Woorden 4;2;0;0;0;1;co;112;152931;1;1;HF;LR;0;0;5023.idfx;DE9C9F9E41566143;01/01/01 00:00:00
Woorden 4;2;0;0;0;1;ow;336;153043;1;1;LF;RL;0;0;5023.idfx;DE9C9F9E41566143;01/01/01 00:00:00
Woorden 4;2;0;0;0;1;wb;328;153379;1;1;LF;Unknown;0;0;5023.idfx;DE9C9F9E41566143;01/01/01 00:00:00
Woorden 4;2;0;0;0;1;bo;104;153707;1;1;HF;Unknown;0;0;5023.idfx;DE9C9F9E41566143;01/01/01 00:00:00
Woorden 4;2;0;0;0;1;oy;128;153811;1;1;LF;Unknown;0;0;5023.idfx;DE9C9F9E41566143;01/01/01 00:00:00
Woorden 4;3;0;0;0;1;ee;170;154307;1;1;HF;LL;0;1;5023.idfx;DE9C9F9E41566143;01/01/01 00:00:00
Woorden 4;3;0;0;0;1;en;79;154477;1;1;HF;LR;0;0;5023.idfx;DE9C9F9E41566143;01/01/01 00:00:00
Woorden 4;3;0;0;0;1;ch;89;154739;1;1;HF;Unknown;0;0;5023.idfx;DE9C9F9E41566143;01/01/01 00:00:00
Woorden 4;3;0;0;0;1;ha;80;154828;1;1;HF;Unknown;0;0;5023.idfx;DE9C9F9E41566143;01/01/01 00:00:00
Woorden 4;3;0;0;0;1;ao;231;154908;1;1;LF;LR;0;0;5023.idfx;DE9C9F9E41566143;01/01/01 00:00:00
Woorden 4;3;0;0;0;1;ot;81;155139;1;1;HF;Unknown;0;0;5023.idfx;DE9C9F9E41566143;01/01/01 00:00:00
Woorden 4;3;0;0;0;1;ti;151;155220;1;1;HF;Unknown;0;0;5023.idfx;DE9C9F9E41566143;01/01/01 00:00:00
Woorden 4;3;0;0;0;1;is;80;155371;1;1;HF;RL;0;0;5023.idfx;DE9C9F9E41566143;01/01/01 00:00:00
Woorden 4;3;0;0;0;1;sc;120;155451;1;1;HF;LL;0;0;5023.idfx;DE9C9F9E41566143;01/01/01 00:00:00
Woorden 4;3;0;0;0;1;ch;112;155571;1;1;HF;Unknown;0;0;5023.idfx;DE9C9F9E41566143;01/01/01 00:00:00
Woorden 4;3;0;0;0;1;he;224;155683;1;1;HF;Unknown;0;0;5023.idfx;DE9C9F9E41566143;01/01/01 00:00:00
Woorden 4;3;0;0;0;1;co;135;156244;1;1;HF;LR;0;0;5023.idfx;DE9C9F9E41566143;01/01/01 00:00:00
Woorden 4;3;0;0;0;1;ow;457;156379;1;1;LF;RL;0;0;5023.idfx;DE9C9F9E41566143;01/01/01 00:00:00
Woorden 4;3;0;0;0;1;wb;247;156836;1;1;LF;Unknown;0;0;5023.idfx;DE9C9F9E41566143;01/01/01 00:00:00
Woorden 4;3;0;0;0;1;bo;96;157083;1;1;HF;Unknown;0;0;5023.idfx;DE9C9F9E41566143;01/01/01 00:00:00
Woorden 4;3;0;0;0;1;oy;104;157179;1;1;LF;Unknown;0;0;5023.idfx;DE9C9F9E41566143;01/01/01 00:00:00
Woorden 4;4;0;0;0;1;ee;162;157668;1;1;HF;LL;0;1;5023.idfx;DE9C9F9E41566143;01/01/01 00:00:00
Woorden 4;4;0;0;0;1;en;86;157830;1;1;HF;LR;0;0;5023.idfx;DE9C9F9E41566143;01/01/01 00:00:00
Woorden 4;4;0;0;0;1;ch;112;158091;1;1;HF;Unknown;0;0;5023.idfx;DE9C9F9E41566143;01/01/01 00:00:00
Woorden 4;4;0;0;0;1;ha;88;158203;1;1;HF;Unknown;0;0;5023.idfx;DE9C9F9E41566143;01/01/01 00:00:00
Woorden 4;4;0;0;0;1;ao;297;158291;1;1;LF;LR;0;0;5023.idfx;DE9C9F9E41566143;01/01/01 00:00:00
Woorden 4;4;0;0;0;1;ot;175;158588;1;1;HF;Unknown;0;0;5023.idfx;DE9C9F9E41566143;01/01/01 00:00:00
Woorden 4;4;0;0;0;1;ti;128;158763;1;1;HF;Unknown;0;0;5023.idfx;DE9C9F9E41566143;01/01/01 00:00:00
Woorden 4;4;0;0;0;1;is;72;158891;1;1;HF;RL;0;0;5023.idfx;DE9C9F9E41566143;01/01/01 00:00:00
Woorden 4;4;0;0;0;1;sc;121;158963;1;1;HF;LL;0;0;5023.idfx;DE9C9F9E41566143;01/01/01 00:00:00
Woorden 4;4;0;0;0;1;ch;151;159084;1;1;HF;Unknown;0;0;5023.idfx;DE9C9F9E41566143;01/01/01 00:00:00
Woorden 4;4;0;0;0;1;he;49;159235;1;1;HF;Unknown;0;0;5023.idfx;DE9C9F9E41566143;01/01/01 00:00:00
Woorden 4;4;0;0;0;1;co;112;159595;1;1;HF;LR;0;0;5023.idfx;DE9C9F9E41566143;01/01/01 00:00:00
Woorden 4;4;0;0;0;1;ow;224;159707;1;1;LF;RL;0;0;5023.idfx;DE9C9F9E41566143;01/01/01 00:00:00
Woorden 4;4;0;0;0;1;wb;248;159931;1;1;LF;Unknown;0;0;5023.idfx;DE9C9F9E41566143;01/01/01 00:00:00
Woorden 4;4;0;0;0;1;bo;96;160179;1;1;HF;Unknown;0;0;5023.idfx;DE9C9F9E41566143;01/01/01 00:00:00
Woorden 4;4;0;0;0;1;oy;120;160275;1;1;LF;Unknown;0;0;5023.idfx;DE9C9F9E41566143;01/01/01 00:00:00
Woorden 4;5;0;0;0;1;ee;178;160979;1;1;HF;LL;0;1;5023.idfx;DE9C9F9E41566143;01/01/01 00:00:00
Woorden 4;5;0;0;0;1;en;102;161157;1;1;HF;LR;0;0;5023.idfx;DE9C9F9E41566143;01/01/01 00:00:00
Woorden 4;5;0;0;0;1;ch;120;161404;1;1;HF;Unknown;0;0;5023.idfx;DE9C9F9E41566143;01/01/01 00:00:00
Woorden 4;5;0;0;0;1;ha;103;161524;1;1;HF;Unknown;0;0;5023.idfx;DE9C9F9E41566143;01/01/01 00:00:00
Woorden 4;5;0;0;0;1;at;176;161627;0;1;HF;Unknown;0;0;5023.idfx;DE9C9F9E41566143;01/01/01 00:00:00
Woorden 4;5;0;0;0;1;to;104;161803;0;1;HF;Unknown;0;0;5023.idfx;DE9C9F9E41566143;01/01/01 00:00:00
Woorden 4;5;0;0;0;1;os;240;161907;0;1;HF;RL;0;0;5023.idfx;DE9C9F9E41566143;01/01/01 00:00:00
Woorden 4;5;0;0;0;1;so;720;162147;0;1;HF;LR;0;0;5023.idfx;DE9C9F9E41566143;01/01/01 00:00:00
Woorden 4;5;0;0;0;1;ot;72;162867;1;1;HF;Unknown;0;0;5023.idfx;DE9C9F9E41566143;01/01/01 00:00:00
Woorden 4;5;0;0;0;1;ti;144;162939;1;1;HF;Unknown;0;0;5023.idfx;DE9C9F9E41566143;01/01/01 00:00:00
Woorden 4;5;0;0;0;1;is;105;163083;1;1;HF;RL;0;0;5023.idfx;DE9C9F9E41566143;01/01/01 00:00:00
Woorden 4;5;0;0;0;1;sc;119;163188;1;1;HF;LL;0;0;5023.idfx;DE9C9F9E41566143;01/01/01 00:00:00
Woorden 4;5;0;0;0;1;ch;129;163307;1;1;HF;Unknown;0;0;5023.idfx;DE9C9F9E41566143;01/01/01 00:00:00
Woorden 4;5;0;0;0;1;he;104;163436;1;1;HF;Unknown;0;0;5023.idfx;DE9C9F9E41566143;01/01/01 00:00:00
Woorden 4;5;0;0;0;1;wo;264;163819;0;1;Indeterminate;LR;0;0;5023.idfx;DE9C9F9E41566143;01/01/01 00:00:00
Woorden 4;5;0;0;0;1;ob;82;164083;0;1;Indeterminate;Unknown;0;0;5023.idfx;DE9C9F9E41566143;01/01/01 00:00:00
Woorden 4;5;0;0;0;1;bc;663;164165;0;1;LF;Unknown;0;0;5023.idfx;DE9C9F9E41566143;01/01/01 00:00:00
Woorden 4;5;0;0;0;1;co;215;164828;1;1;HF;LR;0;0;5023.idfx;DE9C9F9E41566143;01/01/01 00:00:00
Woorden 4;5;0;0;0;1;ob;114;165043;0;1;Indeterminate;Unknown;0;0;5023.idfx;DE9C9F9E41566143;01/01/01 00:00:00
Woorden 4;5;0;0;0;1;bw;471;165157;0;1;LF;Unknown;0;0;5023.idfx;DE9C9F9E41566143;01/01/01 00:00:00
Woorden 4;5;0;0;0;1;wb;135;165628;1;1;LF;Unknown;0;0;5023.idfx;DE9C9F9E41566143;01/01/01 00:00:00
Woorden 4;5;0;0;0;1;bo;248;165763;1;1;HF;Unknown;0;0;5023.idfx;DE9C9F9E41566143;01/01/01 00:00:00
Woorden 4;5;0;0;0;1;oy;432;166011;1;1;LF;Unknown;0;0;5023.idfx;DE9C9F9E41566143;01/01/01 00:00:00
Woorden 4;6;0;0;0;1;ee;186;167227;1;1;HF;LL;0;1;5023.idfx;DE9C9F9E41566143;01/01/01 00:00:00
Woorden 4;6;0;0;0;1;en;62;167413;1;1;HF;LR;0;0;5023.idfx;DE9C9F9E41566143;01/01/01 00:00:00
Woorden 4;6;0;0;0;1;ch;112;167651;1;1;HF;Unknown;0;0;5023.idfx;DE9C9F9E41566143;01/01/01 00:00:00
Woorden 4;6;0;0;0;1;ha;56;167763;1;1;HF;Unknown;0;0;5023.idfx;DE9C9F9E41566143;01/01/01 00:00:00
Woorden 4;6;0;0;0;1;ao;208;167819;1;1;LF;LR;0;0;5023.idfx;DE9C9F9E41566143;01/01/01 00:00:00
Woorden 4;6;0;0;0;1;ot;97;168027;1;1;HF;Unknown;0;0;5023.idfx;DE9C9F9E41566143;01/01/01 00:00:00
Woorden 4;6;0;0;0;1;ti;127;168124;1;1;HF;Unknown;0;0;5023.idfx;DE9C9F9E41566143;01/01/01 00:00:00
Woorden 4;6;0;0;0;1;is;80;168251;1;1;HF;RL;0;0;5023.idfx;DE9C9F9E41566143;01/01/01 00:00:00
Woorden 4;6;0;0;0;1;sc;136;168331;1;1;HF;LL;0;0;5023.idfx;DE9C9F9E41566143;01/01/01 00:00:00
Woorden 4;6;0;0;0;1;ch;144;168467;1;1;HF;Unknown;0;0;5023.idfx;DE9C9F9E41566143;01/01/01 00:00:00
Woorden 4;6;0;0;0;1;he;88;168611;1;1;HF;Unknown;0;0;5023.idfx;DE9C9F9E41566143;01/01/01 00:00:00
Woorden 4;6;0;0;0;1;wc;312;168923;0;1;LF;LL;0;0;5023.idfx;DE9C9F9E41566143;01/01/01 00:00:00
Woorden 4;6;0;0;0;1;cw;265;169235;0;1;LF;LL;0;0;5023.idfx;DE9C9F9E41566143;01/01/01 00:00:00
Woorden 4;6;0;0;0;1;wo;39;169500;0;1;Indeterminate;LR;0;0;5023.idfx;DE9C9F9E41566143;01/01/01 00:00:00
Woorden 4;6;0;0;0;1;oo;496;169539;0;1;HF;RR;0;1;5023.idfx;DE9C9F9E41566143;01/01/01 00:00:00
Woorden 4;6;0;0;0;1;ow;40;170035;1;1;LF;RL;0;0;5023.idfx;DE9C9F9E41566143;01/01/01 00:00:00
Woorden 4;6;0;0;0;1;wb;208;170075;1;1;LF;Unknown;0;0;5023.idfx;DE9C9F9E41566143;01/01/01 00:00:00
Woorden 4;6;0;0;0;1;bo;280;170283;1;1;HF;Unknown;0;0;5023.idfx;DE9C9F9E41566143;01/01/01 00:00:00
Woorden 4;6;0;0;0;1;oy;136;170563;1;1;LF;Unknown;0;0;5023.idfx;DE9C9F9E41566143;01/01/01 00:00:00
Woorden 4;7;0;0;0;1;ee;154;171203;1;1;HF;LL;0;1;5023.idfx;DE9C9F9E41566143;01/01/01 00:00:00
Woorden 4;7;0;0;0;1;en;71;171357;1;1;HF;LR;0;0;5023.idfx;DE9C9F9E41566143;01/01/01 00:00:00
Woorden 4;7;0;0;0;1;ch;128;171611;1;1;HF;Unknown;0;0;5023.idfx;DE9C9F9E41566143;01/01/01 00:00:00
Woorden 4;7;0;0;0;1;ha;112;171739;1;1;HF;Unknown;0;0;5023.idfx;DE9C9F9E41566143;01/01/01 00:00:00
Woorden 4;7;0;0;0;1;at;176;171851;0;1;HF;Unknown;0;0;5023.idfx;DE9C9F9E41566143;01/01/01 00:00:00
Woorden 4;7;0;0;0;1;to;96;172027;0;0;HF;Unknown;0;0;5023.idfx;DE9C9F9E41566143;01/01/01 00:00:00
Woorden 4;7;0;0;0;1;os;121;172123;0;0;HF;RL;0;0;5023.idfx;DE9C9F9E41566143;01/01/01 00:00:00
Woorden 4;7;0;0;0;1;si;127;172244;0;0;HF;LR;0;0;5023.idfx;DE9C9F9E41566143;01/01/01 00:00:00
Woorden 4;7;0;0;0;1;ic;57;172371;0;0;HF;RL;0;0;5023.idfx;DE9C9F9E41566143;01/01/01 00:00:00
Woorden 4;7;0;0;0;1;ce;223;172428;0;0;HF;LL;0;0;5023.idfx;DE9C9F9E41566143;01/01/01 00:00:00
Woorden 4;7;0;0;0;1;eh;3;172651;0;0;Indeterminate;Unknown;0;0;5023.idfx;DE9C9F9E41566143;01/01/01 00:00:00
Woorden 4;7;0;0;0;1;wc;479;173044;0;0;LF;LL;0;0;5023.idfx;DE9C9F9E41566143;01/01/01 00:00:00
Woorden 4;7;0;0;0;1;ca;152;173523;0;0;HF;LL;0;0;5023.idfx;DE9C9F9E41566143;01/01/01 00:00:00
Woorden 4;7;0;0;0;1;ao;264;173675;1;0;LF;LR;0;0;5023.idfx;DE9C9F9E41566143;01/01/01 00:00:00
Woorden 4;7;0;0;0;1;ov;152;173939;0;0;HF;RL;0;0;5023.idfx;DE9C9F9E41566143;01/01/01 00:00:00
Woorden 4;7;0;0;0;1;vw;384;174091;0;0;LF;LL;0;0;5023.idfx;DE9C9F9E41566143;01/01/01 00:00:00
Woorden 4;7;0;0;0;1;wo;272;174475;0;0;Indeterminate;LR;0;0;5023.idfx;DE9C9F9E41566143;01/01/01 00:00:00
Medeklinkers;1;0;0;0;0;tj;199;180260;1;0;Indeterminate;Unknown;0;0;5023.idfx;DE9C9F9E41566143;01/01/01 00:00:00
Medeklinkers;1;0;0;0;0;jf;256;180459;0;0;Indeterminate;RL;0;0;5023.idfx;DE9C9F9E41566143;01/01/01 00:00:00
Medeklinkers;1;0;0;0;0;fg;456;180715;0;0;LF;Unknown;1;0;5023.idfx;DE9C9F9E41566143;01/01/01 00:00:00
Medeklinkers;1;0;0;0;0;gl;168;181171;0;1;Indeterminate;Unknown;0;0;5023.idfx;DE9C9F9E41566143;01/01/01 00:00:00
Medeklinkers;1;0;0;0;0;pg;304;181707;1;1;LF;Unknown;0;0;5023.idfx;DE9C9F9E41566143;01/01/01 00:00:00
Medeklinkers;1;0;0;0;0;gk;264;182011;1;1;LF;Unknown;0;0;5023.idfx;DE9C9F9E41566143;01/01/01 00:00:00
Medeklinkers;1;0;0;0;0;kf;193;182275;1;1;LF;RL;0;0;5023.idfx;DE9C9F9E41566143;01/01/01 00:00:00
Medeklinkers;1;0;0;0;0;ft;280;182468;0;1;Indeterminate;Unknown;1;0;5023.idfx;DE9C9F9E41566143;01/01/01 00:00:00
Medeklinkers;1;0;0;0;0;tk;263;182748;0;1;Indeterminate;Unknown;0;0;5023.idfx;DE9C9F9E41566143;01/01/01 00:00:00
Medeklinkers;1;0;0;0;0;kq;144;183011;1;1;LF;RL;0;0;5023.idfx;DE9C9F9E41566143;01/01/01 00:00:00
Medeklinkers;1;0;0;0;0;qq;369;183155;0;1;LF;LL;0;1;5023.idfx;DE9C9F9E41566143;01/01/01 00:00:00
Medeklinkers;1;0;0;0;0;dt;240;183811;1;1;LF;Unknown;0;0;5023.idfx;DE9C9F9E41566143;01/01/01 00:00:00
Medeklinkers;1;0;0;0;0;td;417;184051;1;1;Indeterminate;Unknown;0;0;5023.idfx;DE9C9F9E41566143;01/01/01 00:00:00
Medeklinkers;1;0;0;0;0;dr;247;184468;1;1;HF;LL;1;0;5023.idfx;DE9C9F9E41566143;01/01/01 00:00:00
Medeklinkers;1;0;0;0;0;rg;200;184715;1;1;HF;Unknown;0;0;5023.idfx;DE9C9F9E41566143;01/01/01 00:00:00
Medeklinkers;1;0;0;0;0;gt;160;184915;1;1;Indeterminate;Unknown;1;0;5023.idfx;DE9C9F9E41566143;01/01/01 00:00:00
Medeklinkers;1;0;0;0;0;np;464;185347;1;1;Indeterminate;RR;0;0;5023.idfx;DE9C9F9E41566143;01/01/01 00:00:00
Medeklinkers;1;0;0;0;0;pw;288;185811;1;1;LF;RL;0;0;5023.idfx;DE9C9F9E41566143;01/01/01 00:00:00
Medeklinkers;1;0;0;0;0;wd;232;186099;1;1;LF;LL;0;0;5023.idfx;DE9C9F9E41566143;01/01/01 00:00:00
Medeklinkers;1;0;0;0;0;df;216;186331;0;1;LF;LL;1;0;5023.idfx;DE9C9F9E41566143;01/01/01 00:00:00
Medeklinkers;1;0;0;0;0;fv;936;186547;0;1;LF;LL;0;0;5023.idfx;DE9C9F9E41566143;01/01/01 00:00:00
Medeklinkers;1;0;0;0;0;vf;184;187483;1;0;LF;LL;1;0;5023.idfx;DE9C9F9E41566143;01/01/01 00:00:00
